Date_NodeID 0 1
20220901 1.5 0.0
20220902 1.35 0.0
20220903 1.24 0.24
20220904 1.5 0.5
20220905 1.55 2.55
20220906 1.63 2.63
20220907 1.6 2.6
20220908 1.46 2.46
20220909 1.35 2.35
20220910 1.34 2.34
20220911 1.45 2.45
20220912 8.85 0.0
20220913 19.8 9.8
20220914 6.41 6.41
20220915 5.13 0.13
20220916 4.18 0.18
20220917 3.4 0.0
20220918 2.75 0.0
20220919 2.3 0.0
20220920 2.07 0.0
20220921 1.91 0.01
20220922 1.79 0.09
20220923 1.88 0.08
20220924 2.01 4.01
20220925 4.94 4.94
20220926 19.56 1.56
20220927 14.4 1.4
20220928 16.11 2.11
20220929 8.01 1.01
20220930 0.0 1.58
