Date_NodeID	1_0	6_0	7_0	10_0
2022090100	0.8000	0.0000	0.0000	0.0000
2022090101	0.8000	0.0000	0.0000	0.0000
2022090102	0.8000	0.0000	0.0000	0.0000
2022090103	0.8000	0.0000	0.0000	0.0000
2022090104	0.8000	0.0000	0.0000	0.0000
2022090105	0.8000	0.0000	0.0000	0.0000
2022090106	0.8000	0.0000	0.0000	0.0000
2022090107	0.8000	0.0000	0.0000	0.0000
2022090108	0.8000	0.0000	0.0000	0.0000
2022090109	0.8000	0.0000	0.0000	0.0000
2022090110	0.8000	0.0000	0.0000	0.0000
2022090111	0.8000	0.0000	0.0000	0.0000
2022090112	0.8000	0.0000	0.0000	0.0000
2022090113	0.8000	0.0000	0.0000	0.0000
2022090114	0.8000	0.0000	0.0000	0.0000
2022090115	0.8000	0.0000	0.0000	0.0000
2022090116	0.8000	0.0000	0.0000	0.0000
2022090117	0.8000	0.0000	0.0000	0.0000
2022090118	0.8000	0.0000	0.0000	0.0000
2022090119	0.8000	0.0000	0.0000	0.0000
2022090120	0.8000	0.0000	0.0000	0.0000
2022090121	0.8000	0.0000	0.0000	0.0000
2022090122	0.8000	0.0000	0.0000	0.0000
2022090123	0.8000	0.0000	0.0000	0.0000
2022090200	0.8000	0.0000	0.0000	0.0000
2022090201	0.8000	0.0000	0.0000	0.0000
2022090202	0.8000	0.0000	0.0000	0.0000
2022090203	0.8000	0.0000	0.0000	0.0000
2022090204	0.8000	0.0000	0.0000	0.0000
2022090205	0.8000	0.0000	0.0000	0.0000
2022090206	0.8000	0.0000	0.0000	0.0000
2022090207	0.8000	0.0000	0.0000	0.0000
2022090208	0.8000	0.0000	0.0000	0.0000
2022090209	0.8000	0.0000	0.0000	0.0000
2022090210	0.8000	0.0000	0.0000	0.0000
2022090211	0.8000	0.0000	0.0000	0.0000
2022090212	0.8000	0.0000	0.0000	0.0000
2022090213	0.8000	0.0000	0.0000	0.0000
2022090214	0.8000	0.0000	0.0000	0.0000
2022090215	0.8000	0.0000	0.0000	0.0000
2022090216	0.8000	0.0000	0.0000	0.0000
2022090217	0.8000	0.0000	0.0000	0.0000
2022090218	0.8000	0.0000	0.0000	0.0000
2022090219	0.8000	0.0000	0.0000	0.0000
2022090220	0.8000	0.0000	0.0000	0.0000
2022090221	0.8000	0.0000	0.0000	0.0000
2022090222	0.8000	0.0000	0.0000	0.0000
2022090223	0.8000	0.0000	0.0000	0.0000
2022090300	0.8000	0.0000	0.0000	0.0000
2022090301	0.8000	0.0000	0.0000	0.0000
2022090302	0.8000	0.0000	0.0000	0.0000
2022090303	0.8000	0.0000	0.0000	0.0000
2022090304	0.8000	0.0000	0.0000	0.0000
2022090305	0.8000	0.0000	0.0000	0.0000
2022090306	0.8000	0.0000	0.0000	0.0000
2022090307	0.8000	0.0000	0.0000	0.0000
2022090308	0.8000	0.0000	0.0000	0.0000
2022090309	0.8000	0.0000	0.0000	0.0000
2022090310	0.8000	0.0000	0.0000	0.0000
2022090311	0.8000	0.0000	0.0000	0.0000
2022090312	0.8000	0.0000	0.0000	0.0000
2022090313	0.8000	0.0000	0.0000	0.0000
2022090314	0.8000	0.0000	0.0000	0.0000
2022090315	0.8000	0.0000	0.0000	0.0000
2022090316	0.8000	0.0000	0.0000	0.0000
2022090317	0.8000	0.0000	0.0000	0.0000
2022090318	0.8000	0.0000	0.0000	0.0000
2022090319	0.8000	0.0000	0.0000	0.0000
2022090320	0.8000	0.0000	0.0000	0.0000
2022090321	0.8000	0.0000	0.0000	0.0000
2022090322	0.8000	0.0000	0.0000	0.0000
2022090323	0.8000	0.0000	0.0000	0.0000
2022090400	0.8000	0.0000	0.0000	0.0000
2022090401	0.8000	0.0000	0.0000	0.0000
2022090402	0.8000	0.0000	0.0000	0.0000
2022090403	0.8000	0.0000	0.0000	0.0000
2022090404	0.8000	0.0000	0.0000	0.0000
2022090405	0.8000	0.8000	0.8000	0.8000
2022090406	0.8000	0.8000	0.8000	0.8000
2022090407	0.8000	0.8000	0.8000	0.8000
2022090408	0.8000	0.8000	0.8000	0.8000
2022090409	0.8000	0.8000	0.8000	0.8000
2022090410	0.8000	0.8000	0.8000	0.8000
2022090411	0.8000	0.8000	0.8000	0.8000
2022090412	0.8000	0.8000	0.8000	0.8000
2022090413	0.8000	0.8000	0.8000	0.8000
2022090414	0.8000	0.8000	0.8000	0.8000
2022090415	0.8000	0.8000	0.8000	0.8000
2022090416	0.8000	0.8000	0.8000	0.8000
2022090417	0.8000	0.8000	0.8000	0.8000
2022090418	0.8000	0.8000	0.8000	0.8000
2022090419	0.8000	0.8000	0.8000	0.8000
2022090420	0.8000	0.8000	0.8000	0.8000
2022090421	0.8000	0.8000	0.8000	0.8000
2022090422	0.8000	0.8000	0.8000	0.8000
2022090423	0.8000	0.8000	0.8000	0.8000
2022090500	0.8000	0.8000	0.8000	0.8000
2022090501	0.8000	0.8000	0.8000	0.8000
2022090502	0.8000	0.8000	0.8000	0.8000
2022090503	0.8000	0.8000	0.8000	0.8000
2022090504	0.8000	0.8000	0.8000	0.8000
2022090505	0.8000	0.8000	0.8000	0.8000
2022090506	0.8000	0.8000	0.8000	0.8000
2022090507	0.8000	0.8000	0.8000	0.8000
2022090508	0.8000	0.8000	0.8000	0.8000
2022090509	0.8000	0.8000	0.8000	0.8000
2022090510	0.8000	0.8000	0.8000	0.8000
2022090511	0.8000	0.8000	0.8000	0.8000
2022090512	0.8000	0.8000	0.8000	0.8000
2022090513	0.8000	0.8000	0.8000	0.8000
2022090514	0.8000	0.8000	0.8000	0.8000
2022090515	0.8000	0.8000	0.8000	0.8000
2022090516	0.8000	0.8000	0.8000	0.8000
2022090517	0.8000	0.8000	0.8000	0.8000
2022090518	0.8000	0.8000	0.8000	0.8000
2022090519	0.8000	0.8000	0.8000	0.8000
2022090520	0.8000	0.8000	0.8000	0.8000
2022090521	0.8000	0.8000	0.8000	0.8000
2022090522	0.8000	0.8000	0.8000	0.8000
2022090523	0.8000	0.8000	0.8000	0.8000
2022090600	0.8000	0.8000	0.8000	0.8000
2022090601	0.8000	0.8000	0.8000	0.8000
2022090602	0.8000	0.8000	0.8000	0.8000
2022090603	0.8000	0.8000	0.8000	0.8000
2022090604	0.8000	0.8000	0.8000	0.8000
2022090605	0.8000	0.8000	0.8000	0.8000
2022090606	0.8000	0.8000	0.8000	0.8000
2022090607	0.8000	0.8000	0.8000	0.8000
2022090608	0.8000	0.8000	0.8000	0.8000
2022090609	0.8000	0.8000	0.8000	0.8000
2022090610	0.8000	0.8000	0.8000	0.8000
2022090611	0.8000	0.8000	0.8000	0.8000
2022090612	0.8000	0.8000	0.8000	0.8000
2022090613	0.8000	0.8000	0.8000	0.8000
2022090614	0.8000	0.8000	0.8000	0.8000
2022090615	0.8000	0.8000	0.8000	0.8000
2022090616	0.8000	0.8000	0.8000	0.8000
2022090617	0.8000	0.8000	0.8000	0.8000
2022090618	0.8000	0.8000	0.8000	0.8000
2022090619	0.8000	0.8000	0.8000	0.8000
2022090620	0.8000	0.8000	0.8000	0.8000
2022090621	0.8000	0.8000	0.8000	0.8000
2022090622	0.8000	0.8000	0.8000	0.8000
2022090623	0.8000	0.8000	0.8000	0.8000
2022090700	0.8000	0.8000	0.8000	0.8000
2022090701	0.8000	0.8000	0.8000	0.8000
2022090702	0.8000	0.8000	0.8000	0.8000
2022090703	0.8000	0.8000	0.8000	0.8000
2022090704	0.8000	0.8000	0.8000	0.8000
2022090705	0.8000	0.8000	0.8000	0.8000
2022090706	0.8000	0.8000	0.8000	0.8000
2022090707	0.8000	0.8000	0.8000	0.8000
2022090708	0.8000	0.8000	0.8000	0.8000
2022090709	0.8000	0.8000	0.8000	0.8000
2022090710	0.8000	0.8000	0.8000	0.8000
2022090711	0.8000	0.8000	0.8000	0.8000
2022090712	0.8000	0.8000	0.8000	0.8000
2022090713	0.8000	0.8000	0.8000	0.8000
2022090714	0.8000	0.8000	0.8000	0.8000
2022090715	0.8000	0.8000	0.8000	0.8000
2022090716	0.8000	0.8000	0.8000	0.8000
2022090717	0.8000	0.8000	0.8000	0.8000
2022090718	0.8000	0.8000	0.8000	0.8000
2022090719	0.8000	0.8000	0.8000	0.8000
2022090720	0.8000	0.8000	0.8000	0.8000
2022090721	0.8000	0.8000	0.8000	0.8000
2022090722	0.8000	0.8000	0.8000	0.8000
2022090723	0.8000	0.8000	0.8000	0.8000
2022090800	0.8000	0.8000	0.8000	0.8000
2022090801	0.8000	0.8000	0.8000	0.8000
2022090802	0.8000	0.8000	0.8000	0.8000
2022090803	0.8000	0.8000	0.8000	0.8000
2022090804	0.8000	0.8000	0.8000	0.8000
2022090805	0.8000	0.8000	0.8000	0.8000
2022090806	0.8000	0.8000	0.8000	0.8000
2022090807	0.8000	0.8000	0.8000	0.8000
2022090808	0.8000	0.8000	0.8000	0.8000
2022090809	0.8000	0.8000	0.8000	0.8000
2022090810	0.8000	0.8000	0.8000	0.8000
2022090811	0.8000	0.8000	0.8000	0.8000
2022090812	0.8000	0.8000	0.8000	0.8000
2022090813	0.8000	0.8000	0.8000	0.8000
2022090814	0.8000	0.8000	0.8000	0.8000
2022090815	0.8000	0.8000	0.8000	0.8000
2022090816	0.8000	0.8000	0.8000	0.8000
2022090817	0.8000	0.8000	0.8000	0.8000
2022090818	0.8000	0.8000	0.8000	0.8000
2022090819	0.8000	0.8000	0.8000	0.8000
2022090820	0.8000	0.8000	0.8000	0.8000
2022090821	0.8000	0.8000	0.8000	0.8000
2022090822	0.8000	0.8000	0.8000	0.8000
2022090823	0.8000	0.8000	0.8000	0.8000
2022090900	0.8000	0.8000	0.8000	0.8000
2022090901	0.8000	0.8000	0.8000	0.8000
2022090902	0.8000	0.8000	0.8000	0.8000
2022090903	0.8000	0.8000	0.8000	0.8000
2022090904	0.8000	0.8000	0.8000	0.8000
2022090905	0.8000	0.8000	0.8000	0.8000
2022090906	0.8000	0.8000	0.8000	0.8000
2022090907	0.8000	0.8000	0.8000	0.8000
2022090908	0.8000	0.8000	0.8000	0.8000
2022090909	0.8000	0.8000	0.8000	0.8000
2022090910	0.8000	0.8000	0.8000	0.8000
2022090911	0.8000	0.8000	0.8000	0.8000
2022090912	0.8000	0.8000	0.8000	0.8000
2022090913	0.8000	0.8000	0.8000	0.8000
2022090914	0.8000	0.8000	0.8000	0.8000
2022090915	0.8000	0.8000	0.8000	0.8000
2022090916	0.8000	0.8000	0.8000	0.8000
2022090917	0.8000	0.8000	0.8000	0.8000
2022090918	0.8000	0.8000	0.8000	0.8000
2022090919	0.8000	0.8000	0.8000	0.8000
2022090920	0.8000	0.8000	0.8000	0.8000
2022090921	0.8000	0.8000	0.8000	0.8000
2022090922	0.8000	0.8000	0.8000	0.8000
2022090923	0.8000	0.8000	0.8000	0.8000
2022091000	0.8000	0.8000	0.8000	0.8000
2022091001	0.8000	0.8000	0.8000	0.8000
2022091002	0.8000	0.8000	0.8000	0.8000
2022091003	0.8000	0.8000	0.8000	0.8000
2022091004	0.8000	0.8000	0.8000	0.8000
2022091005	0.8000	0.8000	0.8000	0.8000
2022091006	0.8000	0.8000	0.8000	0.8000
2022091007	0.8000	0.8000	0.8000	0.8000
2022091008	0.8000	0.8000	0.8000	0.8000
2022091009	0.8000	0.8000	0.8000	0.8000
2022091010	0.8000	0.8000	0.8000	0.8000
2022091011	0.8000	0.8000	0.8000	0.8000
2022091012	0.8000	0.8000	0.8000	0.8000
2022091013	0.8000	0.8000	0.8000	0.8000
2022091014	0.8000	0.8000	0.8000	0.8000
2022091015	0.8000	0.8000	0.8000	0.8000
2022091016	0.8000	0.8000	0.8000	0.8000
2022091017	0.8000	0.8000	0.8000	0.8000
2022091018	0.8000	0.8000	0.8000	0.8000
2022091019	0.8000	0.8000	0.8000	0.8000
2022091020	0.8000	0.8000	0.8000	0.8000
2022091021	0.8000	0.8000	0.8000	0.8000
2022091022	0.8000	0.8000	0.8000	0.8000
2022091023	0.8000	0.8000	0.8000	0.8000
2022091100	0.8000	0.8000	0.8000	0.8000
2022091101	0.8000	0.8000	0.8000	0.8000
2022091102	0.8000	0.8000	0.8000	0.8000
2022091103	0.8000	0.8000	0.8000	0.8000
2022091104	0.8000	0.8000	0.8000	0.8000
2022091105	0.8000	0.8000	0.8000	0.8000
2022091106	0.8000	0.8000	0.8000	0.8000
2022091107	0.8000	0.8000	0.8000	0.8000
2022091108	0.8000	0.8000	0.8000	0.8000
2022091109	0.8000	0.8000	0.8000	0.8000
2022091110	0.8000	0.8000	0.8000	0.8000
2022091111	0.8000	0.8000	0.8000	0.8000
2022091112	0.8000	0.8000	0.8000	0.8000
2022091113	0.8000	0.8000	0.8000	0.8000
2022091114	0.8000	0.8000	0.8000	0.8000
2022091115	0.8000	0.8000	0.8000	0.8000
2022091116	0.8000	0.8000	0.8000	0.8000
2022091117	0.8000	0.8000	0.8000	0.8000
2022091118	0.8000	0.8000	0.8000	0.8000
2022091119	0.8000	0.8000	0.8000	0.8000
2022091120	0.8000	0.8000	0.8000	0.8000
2022091121	0.8000	0.8000	0.8000	0.8000
2022091122	0.8000	0.8000	0.8000	0.8000
2022091123	0.8000	0.8000	0.8000	0.8000
2022091200	0.8000	0.8000	0.8000	0.8000
2022091201	0.8000	0.8000	0.8000	0.8000
2022091202	0.8000	0.8000	0.8000	0.8000
2022091203	0.8000	0.8000	0.8000	0.8000
2022091204	0.8000	0.8000	0.8000	0.8000
2022091205	0.8000	0.8000	0.8000	0.8000
2022091206	0.8000	0.8000	0.8000	0.8000
2022091207	0.8000	0.8000	0.8000	0.8000
2022091208	0.8000	0.8000	0.8000	0.8000
2022091209	0.8000	0.8000	0.8000	0.8000
2022091210	0.8000	0.8000	0.8000	0.8000
2022091211	0.8000	0.8000	0.8000	0.8000
2022091212	0.8000	0.8000	0.8000	0.8000
2022091213	0.8000	0.8000	0.8000	0.8000
2022091214	0.8000	0.8000	0.8000	0.8000
2022091215	0.8000	0.8000	0.8000	0.8000
2022091216	0.8000	0.8000	0.8000	0.8000
2022091217	0.8000	0.8000	0.8000	0.8000
2022091218	0.8000	0.8000	0.8000	0.8000
2022091219	0.8000	0.8000	0.8000	0.8000
2022091220	0.8000	0.8000	0.8000	0.8000
2022091221	0.8000	0.8000	0.8000	0.8000
2022091222	0.8000	0.8000	0.8000	0.8000
2022091223	0.8000	0.8000	0.8000	0.8000
2022091300	0.8000	0.8000	0.8000	0.8000
2022091301	0.8000	0.8000	0.8000	0.8000
2022091302	0.8000	0.8000	0.8000	0.8000
2022091303	0.8000	0.8000	0.8000	0.8000
2022091304	0.8000	0.8000	0.8000	0.8000
2022091305	0.8000	0.8000	0.8000	0.8000
2022091306	0.8000	0.8000	0.8000	0.8000
2022091307	0.8000	0.8000	0.8000	0.8000
2022091308	0.8000	0.8000	0.8000	0.8000
2022091309	0.8000	0.8000	0.8000	0.8000
2022091310	0.8000	0.8000	0.8000	0.8000
2022091311	0.8000	0.8000	0.8000	0.8000
2022091312	0.8000	0.8000	0.8000	0.8000
2022091313	0.8000	0.8000	0.8000	0.8000
2022091314	0.8000	0.8000	0.8000	0.8000
2022091315	0.8000	0.8000	0.8000	0.8000
2022091316	0.8000	0.8000	0.8000	0.8000
2022091317	0.8000	0.8000	0.8000	0.8000
2022091318	0.8000	0.8000	0.8000	0.8000
2022091319	0.8000	0.8000	0.8000	0.8000
2022091320	0.8000	0.8000	0.8000	0.8000
2022091321	0.8000	0.8000	0.8000	0.8000
2022091322	0.8000	0.8000	0.8000	0.8000
2022091323	0.8000	0.8000	0.8000	0.8000
2022091400	0.8000	0.8000	0.8000	0.8000
2022091401	0.8000	0.8000	0.8000	0.8000
2022091402	0.8000	0.8000	0.8000	0.8000
2022091403	0.8000	0.8000	0.8000	0.8000
2022091404	0.8000	0.8000	0.8000	0.8000
2022091405	0.8000	0.8000	0.8000	0.8000
2022091406	0.8000	0.8000	0.8000	0.8000
2022091407	0.8000	0.8000	0.8000	0.8000
2022091408	0.8000	0.8000	0.8000	0.8000
2022091409	0.8000	0.8000	0.8000	0.8000
2022091410	0.8000	0.8000	0.8000	0.8000
2022091411	0.8000	0.8000	0.8000	0.8000
2022091412	0.8000	0.8000	0.8000	0.8000
2022091413	0.8000	0.8000	0.8000	0.8000
2022091414	0.8000	0.8000	0.8000	0.8000
2022091415	0.8000	0.8000	0.8000	0.8000
2022091416	0.8000	0.8000	0.8000	0.8000
2022091417	0.8000	0.8000	0.8000	0.8000
2022091418	0.8000	0.8000	0.8000	0.8000
2022091419	0.8000	0.8000	0.8000	0.8000
2022091420	0.8000	0.8000	0.8000	0.8000
2022091421	0.8000	0.8000	0.8000	0.8000
2022091422	0.8000	0.8000	0.8000	0.8000
2022091423	0.8000	0.8000	0.8000	0.8000
2022091500	0.8000	0.8000	0.8000	0.8000
2022091501	0.8000	0.8000	0.8000	0.8000
2022091502	0.8000	0.8000	0.8000	0.8000
2022091503	0.8000	0.8000	0.8000	0.8000
2022091504	0.8000	0.8000	0.8000	0.8000
2022091505	0.8000	0.8000	0.8000	0.8000
2022091506	0.8000	0.8000	0.8000	0.8000
2022091507	0.8000	0.8000	0.8000	0.8000
2022091508	0.8000	0.8000	0.8000	0.8000
2022091509	0.8000	0.8000	0.8000	0.8000
2022091510	0.8000	0.8000	0.8000	0.8000
2022091511	0.8000	0.8000	0.8000	0.8000
2022091512	0.8000	0.8000	0.8000	0.8000
2022091513	0.8000	0.8000	0.8000	0.8000
2022091514	0.8000	0.8000	0.8000	0.8000
2022091515	0.8000	0.8000	0.8000	0.8000
2022091516	0.8000	0.8000	0.8000	0.8000
2022091517	0.8000	0.8000	0.8000	0.8000
2022091518	0.8000	0.8000	0.8000	0.8000
2022091519	0.8000	0.8000	0.8000	0.8000
2022091520	0.8000	0.8000	0.8000	0.8000
2022091521	0.8000	0.8000	0.8000	0.8000
2022091522	0.8000	0.8000	0.8000	0.8000
2022091523	0.8000	0.8000	0.8000	0.8000
2022091600	0.8000	0.8000	0.8000	0.8000
2022091601	0.8000	0.8000	0.8000	0.8000
2022091602	0.8000	0.8000	0.8000	0.8000
2022091603	0.8000	0.8000	0.8000	0.8000
2022091604	0.8000	0.8000	0.8000	0.8000
2022091605	0.8000	0.8000	0.8000	0.8000
2022091606	0.8000	0.8000	0.8000	0.8000
2022091607	0.8000	0.8000	0.8000	0.8000
2022091608	0.8000	0.8000	0.8000	0.8000
2022091609	0.8000	0.8000	0.8000	0.8000
2022091610	0.8000	0.8000	0.8000	0.8000
2022091611	0.8000	0.8000	0.8000	0.8000
2022091612	0.8000	0.8000	0.8000	0.8000
2022091613	0.8000	0.8000	0.8000	0.8000
2022091614	0.8000	0.8000	0.8000	0.8000
2022091615	0.8000	0.8000	0.8000	0.8000
2022091616	0.8000	0.8000	0.8000	0.8000
2022091617	0.8000	0.8000	0.8000	0.8000
2022091618	0.8000	0.8000	0.8000	0.8000
2022091619	0.8000	0.8000	0.8000	0.8000
2022091620	0.8000	0.8000	0.8000	0.8000
2022091621	0.8000	0.8000	0.8000	0.8000
2022091622	0.8000	0.8000	0.8000	0.8000
2022091623	0.8000	0.8000	0.8000	0.8000
2022091700	0.8000	0.8000	0.8000	0.8000
2022091701	0.8000	0.8000	0.8000	0.8000
2022091702	0.8000	0.8000	0.8000	0.8000
2022091703	0.8000	0.8000	0.8000	0.8000
2022091704	0.8000	0.8000	0.8000	0.8000
2022091705	0.8000	0.8000	0.8000	0.8000
2022091706	0.8000	0.8000	0.8000	0.8000
2022091707	0.8000	0.8000	0.8000	0.8000
2022091708	0.8000	0.8000	0.8000	0.8000
2022091709	0.8000	0.8000	0.8000	0.8000
2022091710	0.8000	0.8000	0.8000	0.8000
2022091711	0.8000	0.8000	0.8000	0.8000
2022091712	0.8000	0.8000	0.8000	0.8000
2022091713	0.8000	0.8000	0.8000	0.8000
2022091714	0.8000	0.8000	0.8000	0.8000
2022091715	0.8000	0.8000	0.8000	0.8000
2022091716	0.8000	0.8000	0.8000	0.8000
2022091717	0.8000	0.8000	0.8000	0.8000
2022091718	0.8000	0.8000	0.8000	0.8000
2022091719	0.8000	0.8000	0.8000	0.8000
2022091720	0.8000	0.8000	0.8000	0.8000
2022091721	0.8000	0.8000	0.8000	0.8000
2022091722	0.8000	0.8000	0.8000	0.8000
2022091723	0.8000	0.8000	0.8000	0.8000
2022091800	0.8000	0.8000	0.8000	0.8000
2022091801	0.8000	0.8000	0.8000	0.8000
2022091802	0.8000	0.8000	0.8000	0.8000
2022091803	0.8000	0.8000	0.8000	0.8000
2022091804	0.8000	0.8000	0.8000	0.8000
2022091805	0.8000	0.8000	0.8000	0.8000
2022091806	0.8000	0.8000	0.8000	0.8000
2022091807	0.8000	0.8000	0.8000	0.8000
2022091808	0.8000	0.8000	0.8000	0.8000
2022091809	0.8000	0.8000	0.8000	0.8000
2022091810	0.8000	0.8000	0.8000	0.8000
2022091811	0.8000	0.8000	0.8000	0.8000
2022091812	0.8000	0.8000	0.8000	0.8000
2022091813	0.8000	0.8000	0.8000	0.8000
2022091814	0.8000	0.8000	0.8000	0.8000
2022091815	0.8000	0.8000	0.8000	0.8000
2022091816	0.8000	0.8000	0.8000	0.8000
2022091817	0.8000	0.8000	0.8000	0.8000
2022091818	0.8000	0.8000	0.8000	0.8000
2022091819	0.8000	0.8000	0.8000	0.8000
2022091820	0.8000	0.8000	0.8000	0.8000
2022091821	0.8000	0.8000	0.8000	0.8000
2022091822	0.8000	0.8000	0.8000	0.8000
2022091823	0.8000	0.8000	0.8000	0.8000
2022091900	0.8000	0.8000	0.8000	0.8000
2022091901	0.8000	0.8000	0.8000	0.8000
2022091902	0.8000	0.8000	0.8000	0.8000
2022091903	0.8000	0.8000	0.8000	0.8000
2022091904	0.8000	0.8000	0.8000	0.8000
2022091905	0.8000	0.8000	0.8000	0.8000
2022091906	0.8000	0.8000	0.8000	0.8000
2022091907	0.8000	0.8000	0.8000	0.8000
2022091908	0.8000	0.8000	0.8000	0.8000
2022091909	0.8000	0.8000	0.8000	0.8000
2022091910	0.8000	0.8000	0.8000	0.8000
2022091911	0.8000	0.8000	0.8000	0.8000
2022091912	0.8000	0.8000	0.8000	0.8000
2022091913	0.8000	0.8000	0.8000	0.8000
2022091914	0.8000	0.8000	0.8000	0.8000
2022091915	0.8000	0.8000	0.8000	0.8000
2022091916	0.8000	0.8000	0.8000	0.8000
2022091917	0.8000	0.8000	0.8000	0.8000
2022091918	0.8000	0.8000	0.8000	0.8000
2022091919	0.8000	0.8000	0.8000	0.8000
2022091920	0.8000	0.8000	0.8000	0.8000
2022091921	0.8000	0.8000	0.8000	0.8000
2022091922	0.8000	0.8000	0.8000	0.8000
2022091923	0.8000	0.8000	0.8000	0.8000
2022092000	0.8000	0.8000	0.8000	0.8000
2022092001	0.8000	0.8000	0.8000	0.8000
2022092002	0.8000	0.8000	0.8000	0.8000
2022092003	0.8000	0.8000	0.8000	0.8000
2022092004	0.8000	0.8000	0.8000	0.8000
2022092005	0.8000	0.8000	0.8000	0.8000
2022092006	0.8000	0.8000	0.8000	0.8000
2022092007	0.8000	0.8000	0.8000	0.8000
2022092008	0.8000	0.8000	0.8000	0.8000
2022092009	0.8000	0.8000	0.8000	0.8000
2022092010	0.8000	0.8000	0.8000	0.8000
2022092011	0.8000	0.8000	0.8000	0.8000
2022092012	0.8000	0.8000	0.8000	0.8000
2022092013	0.8000	0.8000	0.8000	0.8000
2022092014	0.8000	0.8000	0.8000	0.8000
2022092015	0.8000	0.8000	0.8000	0.8000
2022092016	0.8000	0.8000	0.8000	0.8000
2022092017	0.8000	0.8000	0.8000	0.8000
2022092018	0.8000	0.8000	0.8000	0.8000
2022092019	0.8000	0.8000	0.8000	0.8000
2022092020	0.8000	0.8000	0.8000	0.8000
2022092021	0.8000	0.8000	0.8000	0.8000
2022092022	0.8000	0.8000	0.8000	0.8000
2022092023	0.8000	0.8000	0.8000	0.8000
2022092100	0.8000	0.8000	0.8000	0.8000
2022092101	0.8000	0.8000	0.8000	0.8000
2022092102	0.8000	0.8000	0.8000	0.8000
2022092103	0.8000	0.8000	0.8000	0.8000
2022092104	0.8000	0.8000	0.8000	0.8000
2022092105	0.8000	0.8000	0.8000	0.8000
2022092106	0.8000	0.8000	0.8000	0.8000
2022092107	0.8000	0.8000	0.8000	0.8000
2022092108	0.8000	0.8000	0.8000	0.8000
2022092109	0.8000	0.8000	0.8000	0.8000
2022092110	0.8000	0.8000	0.8000	0.8000
2022092111	0.8000	0.8000	0.8000	0.8000
2022092112	0.8000	0.8000	0.8000	0.8000
2022092113	0.8000	0.8000	0.8000	0.8000
2022092114	0.8000	0.8000	0.8000	0.8000
2022092115	0.8000	0.8000	0.8000	0.8000
2022092116	0.8000	0.8000	0.8000	0.8000
2022092117	0.8000	0.8000	0.8000	0.8000
2022092118	0.8000	0.8000	0.8000	0.8000
2022092119	0.8000	0.8000	0.8000	0.8000
2022092120	0.8000	0.8000	0.8000	0.8000
2022092121	0.8000	0.8000	0.8000	0.8000
2022092122	0.8000	0.8000	0.8000	0.8000
2022092123	0.8000	0.8000	0.8000	0.8000
2022092200	0.8000	0.8000	0.8000	0.8000
2022092201	0.8000	0.8000	0.8000	0.8000
2022092202	0.8000	0.8000	0.8000	0.8000
2022092203	0.8000	0.8000	0.8000	0.8000
2022092204	0.8000	0.8000	0.8000	0.8000
2022092205	0.8000	0.8000	0.8000	0.8000
2022092206	0.8000	0.8000	0.8000	0.8000
2022092207	0.8000	0.8000	0.8000	0.8000
2022092208	0.8000	0.8000	0.8000	0.8000
2022092209	0.8000	0.8000	0.8000	0.8000
2022092210	0.8000	0.8000	0.8000	0.8000
2022092211	0.8000	0.8000	0.8000	0.8000
2022092212	0.8000	0.8000	0.8000	0.8000
2022092213	0.8000	0.8000	0.8000	0.8000
2022092214	0.8000	0.8000	0.8000	0.8000
2022092215	0.8000	0.8000	0.8000	0.8000
2022092216	0.8000	0.8000	0.8000	0.8000
2022092217	0.8000	0.8000	0.8000	0.8000
2022092218	0.8000	0.8000	0.8000	0.8000
2022092219	0.8000	0.8000	0.8000	0.8000
2022092220	0.8000	0.8000	0.8000	0.8000
2022092221	0.8000	0.8000	0.8000	0.8000
2022092222	0.8000	0.8000	0.8000	0.8000
2022092223	0.8000	0.8000	0.8000	0.8000
2022092300	0.8000	0.8000	0.8000	0.8000
2022092301	0.8000	0.8000	0.8000	0.8000
2022092302	0.8000	0.8000	0.8000	0.8000
2022092303	0.8000	0.8000	0.8000	0.8000
2022092304	0.8000	0.8000	0.8000	0.8000
2022092305	0.8000	0.8000	0.8000	0.8000
2022092306	0.8000	0.8000	0.8000	0.8000
2022092307	0.8000	0.8000	0.8000	0.8000
2022092308	0.8000	0.8000	0.8000	0.8000
2022092309	0.8000	0.8000	0.8000	0.8000
2022092310	0.8000	0.8000	0.8000	0.8000
2022092311	0.8000	0.8000	0.8000	0.8000
2022092312	0.8000	0.8000	0.8000	0.8000
2022092313	0.8000	0.8000	0.8000	0.8000
2022092314	0.8000	0.8000	0.8000	0.8000
2022092315	0.8000	0.8000	0.8000	0.8000
2022092316	0.8000	0.8000	0.8000	0.8000
2022092317	0.8000	0.8000	0.8000	0.8000
2022092318	0.8000	0.8000	0.8000	0.8000
2022092319	0.8000	0.8000	0.8000	0.8000
2022092320	0.8000	0.8000	0.8000	0.8000
2022092321	0.8000	0.8000	0.8000	0.8000
2022092322	0.8000	0.8000	0.8000	0.8000
2022092323	0.8000	0.8000	0.8000	0.8000
2022092400	0.8000	0.8000	0.8000	0.8000
2022092401	0.8000	0.8000	0.8000	0.8000
2022092402	0.8000	0.8000	0.8000	0.8000
2022092403	0.8000	0.8000	0.8000	0.8000
2022092404	0.8000	0.8000	0.8000	0.8000
2022092405	0.8000	0.8000	0.8000	0.8000
2022092406	0.8000	0.8000	0.8000	0.8000
2022092407	0.8000	0.8000	0.8000	0.8000
2022092408	0.8000	0.8000	0.8000	0.8000
2022092409	0.8000	0.8000	0.8000	0.8000
2022092410	0.8000	0.8000	0.8000	0.8000
2022092411	0.8000	0.8000	0.8000	0.8000
2022092412	0.8000	0.8000	0.8000	0.8000
2022092413	0.8000	0.8000	0.8000	0.8000
2022092414	0.8000	0.8000	0.8000	0.8000
2022092415	0.8000	0.8000	0.8000	0.8000
2022092416	0.8000	0.8000	0.8000	0.8000
2022092417	0.8000	0.8000	0.8000	0.8000
2022092418	0.8000	0.8000	0.8000	0.8000
2022092419	0.8000	0.8000	0.8000	0.8000
2022092420	0.8000	0.8000	0.8000	0.8000
2022092421	0.8000	0.8000	0.8000	0.8000
2022092422	0.8000	0.8000	0.8000	0.8000
2022092423	0.8000	0.8000	0.8000	0.8000
2022092500	0.8000	0.8000	0.8000	0.8000
2022092501	0.8000	0.8000	0.8000	0.8000
2022092502	0.8000	0.8000	0.8000	0.8000
2022092503	0.8000	0.8000	0.8000	0.8000
2022092504	0.8000	0.8000	0.8000	0.8000
2022092505	0.8000	0.8000	0.8000	0.8000
2022092506	0.8000	0.8000	0.8000	0.8000
2022092507	0.8000	0.8000	0.8000	0.8000
2022092508	0.8000	0.8000	0.8000	0.8000
2022092509	0.8000	0.8000	0.8000	0.8000
2022092510	0.8000	0.8000	0.8000	0.8000
2022092511	0.8000	0.8000	0.8000	0.8000
2022092512	0.8000	0.8000	0.8000	0.8000
2022092513	0.8000	0.8000	0.8000	0.8000
2022092514	0.8000	0.8000	0.8000	0.8000
2022092515	0.8000	0.8000	0.8000	0.8000
2022092516	0.8000	0.8000	0.8000	0.8000
2022092517	0.8000	0.8000	0.8000	0.8000
2022092518	0.8000	0.8000	0.8000	0.8000
2022092519	0.8000	0.8000	0.8000	0.8000
2022092520	0.8000	0.8000	0.8000	0.8000
2022092521	0.8000	0.8000	0.8000	0.8000
2022092522	0.8000	0.8000	0.8000	0.8000
2022092523	0.8000	0.8000	0.8000	0.8000
2022092600	0.8000	0.8000	0.8000	0.8000
2022092601	0.8000	0.8000	0.8000	0.8000
2022092602	0.8000	0.8000	0.8000	0.8000
2022092603	0.8000	0.8000	0.8000	0.8000
2022092604	0.8000	0.8000	0.8000	0.8000
2022092605	0.8000	0.8000	0.8000	0.8000
2022092606	0.8000	0.8000	0.8000	0.8000
2022092607	0.8000	0.8000	0.8000	0.8000
2022092608	0.8000	0.8000	0.8000	0.8000
2022092609	0.8000	0.8000	0.8000	0.8000
2022092610	0.8000	0.8000	0.8000	0.8000
2022092611	0.8000	0.8000	0.8000	0.8000
2022092612	0.8000	0.8000	0.8000	0.8000
2022092613	0.8000	0.8000	0.8000	0.8000
2022092614	0.8000	0.8000	0.8000	0.8000
2022092615	0.8000	0.8000	0.8000	0.8000
2022092616	0.8000	0.8000	0.8000	0.8000
2022092617	0.8000	0.8000	0.8000	0.8000
2022092618	0.8000	0.8000	0.8000	0.8000
2022092619	0.8000	0.8000	0.8000	0.8000
2022092620	0.8000	0.8000	0.8000	0.8000
2022092621	0.8000	0.8000	0.8000	0.8000
2022092622	0.8000	0.8000	0.8000	0.8000
2022092623	0.8000	0.8000	0.8000	0.8000
2022092700	0.8000	0.8000	0.8000	0.8000
2022092701	0.8000	0.8000	0.8000	0.8000
2022092702	0.8000	0.8000	0.8000	0.8000
2022092703	0.8000	0.8000	0.8000	0.8000
2022092704	0.8000	0.8000	0.8000	0.8000
2022092705	0.8000	0.8000	0.8000	0.8000
2022092706	0.8000	0.8000	0.8000	0.8000
2022092707	0.8000	0.8000	0.8000	0.8000
2022092708	0.8000	0.8000	0.8000	0.8000
2022092709	0.8000	0.8000	0.8000	0.8000
2022092710	0.8000	0.8000	0.8000	0.8000
2022092711	0.8000	0.8000	0.8000	0.8000
2022092712	0.8000	0.8000	0.8000	0.8000
2022092713	0.8000	0.8000	0.8000	0.8000
2022092714	0.8000	0.8000	0.8000	0.8000
2022092715	0.8000	0.8000	0.8000	0.8000
2022092716	0.8000	0.8000	0.8000	0.8000
2022092717	0.8000	0.8000	0.8000	0.8000
2022092718	0.8000	0.8000	0.8000	0.8000
2022092719	0.8000	0.8000	0.8000	0.8000
2022092720	0.8000	0.8000	0.8000	0.8000
2022092721	0.8000	0.8000	0.8000	0.8000
2022092722	0.8000	0.8000	0.8000	0.8000
2022092723	0.8000	0.8000	0.8000	0.8000
2022092800	0.8000	0.8000	0.8000	0.8000
2022092801	0.8000	0.8000	0.8000	0.8000
2022092802	0.8000	0.8000	0.8000	0.8000
2022092803	0.8000	0.8000	0.8000	0.8000
2022092804	0.8000	0.8000	0.8000	0.8000
2022092805	0.8000	0.8000	0.8000	0.8000
2022092806	0.8000	0.8000	0.8000	0.8000
2022092807	0.8000	0.8000	0.8000	0.8000
2022092808	0.8000	0.8000	0.8000	0.8000
2022092809	0.8000	0.8000	0.8000	0.8000
2022092810	0.8000	0.8000	0.8000	0.8000
2022092811	0.8000	0.8000	0.8000	0.8000
2022092812	0.8000	0.8000	0.8000	0.8000
2022092813	0.8000	0.8000	0.8000	0.8000
2022092814	0.8000	0.8000	0.8000	0.8000
2022092815	0.8000	0.8000	0.8000	0.8000
2022092816	0.8000	0.8000	0.8000	0.8000
2022092817	0.8000	0.8000	0.8000	0.8000
2022092818	0.8000	0.8000	0.8000	0.8000
2022092819	0.8000	0.8000	0.8000	0.8000
2022092820	0.8000	0.8000	0.8000	0.8000
2022092821	0.8000	0.8000	0.8000	0.8000
2022092822	0.8000	0.8000	0.8000	0.8000
2022092823	0.8000	0.8000	0.8000	0.8000
2022092900	0.8000	0.8000	0.8000	0.8000
2022092901	0.8000	0.8000	0.8000	0.8000
2022092902	0.8000	0.8000	0.8000	0.8000
2022092903	0.8000	0.8000	0.8000	0.8000
2022092904	0.8000	0.8000	0.8000	0.8000
2022092905	0.8000	0.8000	0.8000	0.8000
2022092906	0.8000	0.8000	0.8000	0.8000
2022092907	0.8000	0.8000	0.8000	0.8000
2022092908	0.8000	0.8000	0.8000	0.8000
2022092909	0.8000	0.8000	0.8000	0.8000
2022092910	0.8000	0.8000	0.8000	0.8000
2022092911	0.8000	0.8000	0.8000	0.8000
2022092912	0.8000	0.8000	0.8000	0.8000
2022092913	0.8000	0.8000	0.8000	0.8000
2022092914	0.8000	0.8000	0.8000	0.8000
2022092915	0.8000	0.8000	0.8000	0.8000
2022092916	0.8000	0.8000	0.8000	0.8000
2022092917	0.8000	0.8000	0.8000	0.8000
2022092918	0.8000	0.8000	0.8000	0.8000
2022092919	0.8000	0.8000	0.8000	0.8000
2022092920	0.8000	0.8000	0.8000	0.8000
2022092921	0.8000	0.8000	0.8000	0.8000
2022092922	0.8000	0.8000	0.8000	0.8000
2022092923	0.8000	0.8000	0.8000	0.8000
2022093000	0.8000	0.8000	0.8000	0.8000
2022093001	0.8000	0.8000	0.8000	0.8000
2022093002	0.8000	0.8000	0.8000	0.8000
2022093003	0.8000	0.8000	0.8000	0.8000
2022093004	0.8000	0.8000	0.8000	0.8000
2022093005	0.8000	0.8000	0.8000	0.8000
2022093006	0.8000	0.8000	0.8000	0.8000
2022093007	0.8000	0.8000	0.8000	0.8000
2022093008	0.8000	0.8000	0.8000	0.8000
2022093009	0.8000	0.8000	0.8000	0.8000
2022093010	0.8000	0.8000	0.8000	0.8000
2022093011	0.8000	0.8000	0.8000	0.8000
2022093012	0.8000	0.8000	0.8000	0.8000
2022093013	0.8000	0.8000	0.8000	0.8000
2022093014	0.8000	0.8000	0.8000	0.8000
2022093015	0.8000	0.8000	0.8000	0.8000
2022093016	0.8000	0.8000	0.8000	0.8000
2022093017	0.8000	0.8000	0.8000	0.8000
2022093018	0.8000	0.8000	0.8000	0.8000
2022093019	0.8000	0.8000	0.8000	0.8000
2022093020	0.8000	0.8000	0.8000	0.8000
2022093021	0.8000	0.8000	0.8000	0.8000
2022093022	0.8000	0.8000	0.8000	0.8000
2022093023	0.8000	0.8000	0.8000	0.8000
2022100100	0.8000	0.8000	0.8000	0.8000
2022100101	0.8000	0.8000	0.8000	0.8000
2022100102	0.8000	0.8000	0.8000	0.8000
2022100103	0.8000	0.8000	0.8000	0.8000
2022100104	0.8000	0.8000	0.8000	0.8000
2022100105	0.8000	0.8000	0.8000	0.8000
2022100106	0.8000	0.8000	0.8000	0.8000
2022100107	0.8000	0.8000	0.8000	0.8000
2022100108	0.8000	0.8000	0.8000	0.8000
2022100109	0.8000	0.8000	0.8000	0.8000
2022100110	0.8000	0.8000	0.8000	0.8000
2022100111	0.8000	0.8000	0.8000	0.8000
2022100112	0.8000	0.8000	0.8000	0.8000
2022100113	0.8000	0.8000	0.8000	0.8000
2022100114	0.8000	0.8000	0.8000	0.8000
2022100115	0.8000	0.8000	0.8000	0.8000
2022100116	0.8000	0.8000	0.8000	0.8000
2022100117	0.8000	0.8000	0.8000	0.8000
2022100118	0.8000	0.8000	0.8000	0.8000
2022100119	0.8000	0.8000	0.8000	0.8000
2022100120	0.8000	0.8000	0.8000	0.8000
2022100121	0.8000	0.8000	0.8000	0.8000
2022100122	0.8000	0.8000	0.8000	0.8000
2022100123	0.8000	0.8000	0.8000	0.8000
2022100200	0.8000	0.8000	0.8000	0.8000
2022100201	0.8000	0.8000	0.8000	0.8000
2022100202	0.8000	0.8000	0.8000	0.8000
2022100203	0.8000	0.8000	0.8000	0.8000
2022100204	0.8000	0.8000	0.8000	0.8000
2022100205	0.8000	0.8000	0.8000	0.8000
2022100206	0.8000	0.8000	0.8000	0.8000
2022100207	0.8000	0.8000	0.8000	0.8000
2022100208	0.8000	0.8000	0.8000	0.8000
2022100209	0.8000	0.8000	0.8000	0.8000
2022100210	0.8000	0.8000	0.8000	0.8000
2022100211	0.8000	0.8000	0.8000	0.8000
2022100212	0.8000	0.8000	0.8000	0.8000
2022100213	0.8000	0.8000	0.8000	0.8000
2022100214	0.8000	0.8000	0.8000	0.8000
2022100215	0.8000	0.8000	0.8000	0.8000
2022100216	0.8000	0.8000	0.8000	0.8000
2022100217	0.8000	0.8000	0.8000	0.8000
2022100218	0.8000	0.8000	0.8000	0.8000
2022100219	0.8000	0.8000	0.8000	0.8000
2022100220	0.8000	0.8000	0.8000	0.8000
2022100221	0.8000	0.8000	0.8000	0.8000
2022100222	0.8000	0.8000	0.8000	0.8000
2022100223	0.8000	0.8000	0.8000	0.8000
2022100300	0.8000	0.8000	0.8000	0.8000
2022100301	0.8000	0.8000	0.8000	0.8000
2022100302	0.8000	0.8000	0.8000	0.8000
2022100303	0.8000	0.8000	0.8000	0.8000
2022100304	0.8000	0.8000	0.8000	0.8000
2022100305	0.8000	0.8000	0.8000	0.8000
2022100306	0.8000	0.8000	0.8000	0.8000
2022100307	0.8000	0.8000	0.8000	0.8000
2022100308	0.8000	0.8000	0.8000	0.8000
2022100309	0.8000	0.8000	0.8000	0.8000
2022100310	0.8000	0.8000	0.8000	0.8000
2022100311	0.8000	0.8000	0.8000	0.8000
2022100312	0.8000	0.8000	0.8000	0.8000
2022100313	0.8000	0.8000	0.8000	0.8000
2022100314	0.8000	0.8000	0.8000	0.8000
2022100315	0.8000	0.8000	0.8000	0.8000
2022100316	0.8000	0.8000	0.8000	0.8000
2022100317	0.8000	0.8000	0.8000	0.8000
2022100318	0.8000	0.8000	0.8000	0.8000
2022100319	0.8000	0.8000	0.8000	0.8000
2022100320	0.8000	0.8000	0.8000	0.8000
2022100321	0.8000	0.8000	0.8000	0.8000
2022100322	0.8000	0.8000	0.8000	0.8000
2022100323	0.8000	0.8000	0.8000	0.8000
2022100400	0.8000	0.8000	0.8000	0.8000
2022100401	0.8000	0.8000	0.8000	0.8000
2022100402	0.8000	0.8000	0.8000	0.8000
2022100403	0.8000	0.8000	0.8000	0.8000
2022100404	0.8000	0.8000	0.8000	0.8000
2022100405	0.8000	0.8000	0.8000	0.8000
2022100406	0.8000	0.8000	0.8000	0.8000
2022100407	0.8000	0.8000	0.8000	0.8000
2022100408	0.8000	0.8000	0.8000	0.8000
2022100409	0.8000	0.8000	0.8000	0.8000
2022100410	0.8000	0.8000	0.8000	0.8000
2022100411	0.8000	0.8000	0.8000	0.8000
2022100412	0.8000	0.8000	0.8000	0.8000
2022100413	0.8000	0.8000	0.8000	0.8000
2022100414	0.8000	0.8000	0.8000	0.8000
2022100415	0.8000	0.8000	0.8000	0.8000
2022100416	0.8000	0.8000	0.8000	0.8000
2022100417	0.8000	0.8000	0.8000	0.8000
2022100418	0.8000	0.8000	0.8000	0.8000
2022100419	0.8000	0.8000	0.8000	0.8000
2022100420	0.8000	0.8000	0.8000	0.8000
2022100421	0.8000	0.8000	0.8000	0.8000
2022100422	0.8000	0.8000	0.8000	0.8000
2022100423	0.8000	0.8000	0.8000	0.8000
2022100500	0.8000	0.8000	0.8000	0.8000
2022100501	0.8000	0.8000	0.8000	0.8000
2022100502	0.8000	0.8000	0.8000	0.8000
2022100503	0.8000	0.8000	0.8000	0.8000
2022100504	0.8000	0.8000	0.8000	0.8000
2022100505	0.8000	0.8000	0.8000	0.8000
2022100506	0.8000	0.8000	0.8000	0.8000
2022100507	0.8000	0.8000	0.8000	0.8000
2022100508	0.8000	0.8000	0.8000	0.8000
2022100509	0.8000	0.8000	0.8000	0.8000
2022100510	0.8000	0.8000	0.8000	0.8000
2022100511	0.8000	0.8000	0.8000	0.8000
2022100512	0.8000	0.8000	0.8000	0.8000
2022100513	0.8000	0.8000	0.8000	0.8000
2022100514	0.8000	0.8000	0.8000	0.8000
2022100515	0.8000	0.8000	0.8000	0.8000
2022100516	0.8000	0.8000	0.8000	0.8000
2022100517	0.8000	0.8000	0.8000	0.8000
2022100518	0.8000	0.8000	0.8000	0.8000
2022100519	0.8000	0.8000	0.8000	0.8000
2022100520	0.8000	0.8000	0.8000	0.8000
2022100521	0.8000	0.8000	0.8000	0.8000
2022100522	0.8000	0.8000	0.8000	0.8000
2022100523	0.8000	0.8000	0.8000	0.8000
2022100600	0.8000	0.8000	0.8000	0.8000
2022100601	0.8000	0.8000	0.8000	0.8000
2022100602	0.8000	0.8000	0.8000	0.8000
2022100603	0.8000	0.8000	0.8000	0.8000
2022100604	0.8000	0.8000	0.8000	0.8000
2022100605	0.8000	0.8000	0.8000	0.8000
2022100606	0.8000	0.8000	0.8000	0.8000
2022100607	0.8000	0.8000	0.8000	0.8000
2022100608	0.8000	0.8000	0.8000	0.8000
2022100609	0.8000	0.8000	0.8000	0.8000
2022100610	0.8000	0.8000	0.8000	0.8000
2022100611	0.8000	0.8000	0.8000	0.8000
2022100612	0.8000	0.8000	0.8000	0.8000
2022100613	0.8000	0.8000	0.8000	0.8000
2022100614	0.8000	0.8000	0.8000	0.8000
2022100615	0.8000	0.8000	0.8000	0.8000
2022100616	0.8000	0.8000	0.8000	0.8000
2022100617	0.8000	0.8000	0.8000	0.8000
2022100618	0.8000	0.8000	0.8000	0.8000
2022100619	0.8000	0.8000	0.8000	0.8000
2022100620	0.8000	0.8000	0.8000	0.8000
2022100621	0.8000	0.8000	0.8000	0.8000
2022100622	0.8000	0.8000	0.8000	0.8000
2022100623	0.8000	0.8000	0.8000	0.8000
2022100700	0.8000	0.8000	0.8000	0.8000
2022100701	0.8000	0.8000	0.8000	0.8000
2022100702	0.8000	0.8000	0.8000	0.8000
2022100703	0.8000	0.8000	0.8000	0.8000
2022100704	0.8000	0.8000	0.8000	0.8000
2022100705	0.8000	0.8000	0.8000	0.8000
2022100706	0.8000	0.8000	0.8000	0.8000
2022100707	0.8000	0.8000	0.8000	0.8000
2022100708	0.8000	0.8000	0.8000	0.8000
2022100709	0.8000	0.8000	0.8000	0.8000
2022100710	0.8000	0.8000	0.8000	0.8000
2022100711	0.8000	0.8000	0.8000	0.8000
2022100712	0.8000	0.8000	0.8000	0.8000
2022100713	0.8000	0.8000	0.8000	0.8000
2022100714	0.8000	0.8000	0.8000	0.8000
2022100715	0.8000	0.8000	0.8000	0.8000
2022100716	0.8000	0.8000	0.8000	0.8000
2022100717	0.8000	0.8000	0.8000	0.8000
2022100718	0.8000	0.8000	0.8000	0.8000
2022100719	0.8000	0.8000	0.8000	0.8000
2022100720	0.8000	0.8000	0.8000	0.8000
2022100721	0.8000	0.8000	0.8000	0.8000
2022100722	0.8000	0.8000	0.8000	0.8000
2022100723	0.8000	0.8000	0.8000	0.8000
2022100800	0.8000	0.8000	0.8000	0.8000
2022100801	0.8000	0.8000	0.8000	0.8000
2022100802	0.8000	0.8000	0.8000	0.8000
2022100803	0.8000	0.8000	0.8000	0.8000
2022100804	0.8000	0.8000	0.8000	0.8000
2022100805	0.8000	0.8000	0.8000	0.8000
2022100806	0.8000	0.8000	0.8000	0.8000
2022100807	0.8000	0.8000	0.8000	0.8000
2022100808	0.8000	0.8000	0.8000	0.8000
2022100809	0.8000	0.8000	0.8000	0.8000
2022100810	0.8000	0.8000	0.8000	0.8000
2022100811	0.8000	0.8000	0.8000	0.8000
2022100812	0.8000	0.8000	0.8000	0.8000
2022100813	0.8000	0.8000	0.8000	0.8000
2022100814	0.8000	0.8000	0.8000	0.8000
2022100815	0.8000	0.8000	0.8000	0.8000
2022100816	0.8000	0.8000	0.8000	0.8000
2022100817	0.8000	0.8000	0.8000	0.8000
2022100818	0.8000	0.8000	0.8000	0.8000
2022100819	0.8000	0.8000	0.8000	0.8000
2022100820	0.8000	0.8000	0.8000	0.8000
2022100821	0.8000	0.8000	0.8000	0.8000
2022100822	0.8000	0.8000	0.8000	0.8000
2022100823	0.8000	0.8000	0.8000	0.8000
2022100900	0.8000	0.8000	0.8000	0.8000
2022100901	0.8000	0.8000	0.8000	0.8000
2022100902	0.8000	0.8000	0.8000	0.8000
2022100903	0.8000	0.8000	0.8000	0.8000
2022100904	0.8000	0.8000	0.8000	0.8000
2022100905	0.8000	0.8000	0.8000	0.8000
2022100906	0.8000	0.8000	0.8000	0.8000
2022100907	0.8000	0.8000	0.8000	0.8000
2022100908	0.8000	0.8000	0.8000	0.8000
2022100909	0.8000	0.8000	0.8000	0.8000
2022100910	0.8000	0.8000	0.8000	0.8000
2022100911	0.8000	0.8000	0.8000	0.8000
2022100912	0.8000	0.8000	0.8000	0.8000
2022100913	0.8000	0.8000	0.8000	0.8000
2022100914	0.8000	0.8000	0.8000	0.8000
2022100915	0.8000	0.8000	0.8000	0.8000
2022100916	0.8000	0.8000	0.8000	0.8000
2022100917	0.8000	0.8000	0.8000	0.8000
2022100918	0.8000	0.8000	0.8000	0.8000
2022100919	0.8000	0.8000	0.8000	0.8000
2022100920	0.8000	0.8000	0.8000	0.8000
2022100921	0.8000	0.8000	0.8000	0.8000
2022100922	0.8000	0.8000	0.8000	0.8000
2022100923	0.8000	0.8000	0.8000	0.8000
2022101000	0.8000	0.8000	0.8000	0.8000
2022101001	0.8000	0.8000	0.8000	0.8000
2022101002	0.8000	0.8000	0.8000	0.8000
2022101003	0.8000	0.8000	0.8000	0.8000
2022101004	0.8000	0.8000	0.8000	0.8000
2022101005	0.8000	0.8000	0.8000	0.8000
2022101006	0.8000	0.8000	0.8000	0.8000
2022101007	0.8000	0.8000	0.8000	0.8000
2022101008	0.8000	0.8000	0.8000	0.8000
2022101009	0.8000	0.8000	0.8000	0.8000
2022101010	0.8000	0.8000	0.8000	0.8000
2022101011	0.8000	0.8000	0.8000	0.8000
2022101012	0.8000	0.8000	0.8000	0.8000
2022101013	0.8000	0.8000	0.8000	0.8000
2022101014	0.8000	0.8000	0.8000	0.8000
2022101015	0.8000	0.8000	0.8000	0.8000
2022101016	0.8000	0.8000	0.8000	0.8000
2022101017	0.8000	0.8000	0.8000	0.8000
2022101018	0.8000	0.8000	0.8000	0.8000
2022101019	0.8000	0.8000	0.8000	0.8000
2022101020	0.8000	0.8000	0.8000	0.8000
2022101021	0.8000	0.8000	0.8000	0.8000
2022101022	0.8000	0.8000	0.8000	0.8000
2022101023	0.8000	0.8000	0.8000	0.8000
2022101100	0.8000	0.8000	0.8000	0.8000
2022101101	0.8000	0.8000	0.8000	0.8000
2022101102	0.8000	0.8000	0.8000	0.8000
2022101103	0.8000	0.8000	0.8000	0.8000
2022101104	0.8000	0.8000	0.8000	0.8000
2022101105	0.8000	0.8000	0.8000	0.8000
2022101106	0.8000	0.8000	0.8000	0.8000
2022101107	0.8000	0.8000	0.8000	0.8000
2022101108	0.8000	0.8000	0.8000	0.8000
2022101109	0.8000	0.8000	0.8000	0.8000
2022101110	0.8000	0.8000	0.8000	0.8000
2022101111	0.8000	0.8000	0.8000	0.8000
2022101112	0.8000	0.8000	0.8000	0.8000
2022101113	0.8000	0.8000	0.8000	0.8000
2022101114	0.8000	0.8000	0.8000	0.8000
2022101115	0.8000	0.8000	0.8000	0.8000
2022101116	0.8000	0.8000	0.8000	0.8000
2022101117	0.8000	0.8000	0.8000	0.8000
2022101118	0.8000	0.8000	0.8000	0.8000
2022101119	0.8000	0.8000	0.8000	0.8000
2022101120	0.8000	0.8000	0.8000	0.8000
2022101121	0.8000	0.8000	0.8000	0.8000
2022101122	0.8000	0.8000	0.8000	0.8000
2022101123	0.8000	0.8000	0.8000	0.8000
2022101200	0.8000	0.8000	0.8000	0.8000
2022101201	0.8000	0.8000	0.8000	0.8000
2022101202	0.8000	0.8000	0.8000	0.8000
2022101203	0.8000	0.8000	0.8000	0.8000
2022101204	0.8000	0.8000	0.8000	0.8000
2022101205	0.8000	0.8000	0.8000	0.8000
2022101206	0.8000	0.8000	0.8000	0.8000
2022101207	0.8000	0.8000	0.8000	0.8000
2022101208	0.8000	0.8000	0.8000	0.8000
2022101209	0.8000	0.8000	0.8000	0.8000
2022101210	0.8000	0.8000	0.8000	0.8000
2022101211	0.8000	0.8000	0.8000	0.8000
2022101212	0.8000	0.8000	0.8000	0.8000
2022101213	0.8000	0.8000	0.8000	0.8000
2022101214	0.8000	0.8000	0.8000	0.8000
2022101215	0.8000	0.8000	0.8000	0.8000
2022101216	0.8000	0.8000	0.8000	0.8000
2022101217	0.8000	0.8000	0.8000	0.8000
2022101218	0.8000	0.8000	0.8000	0.8000
2022101219	0.8000	0.8000	0.8000	0.8000
2022101220	0.8000	0.8000	0.8000	0.8000
2022101221	0.8000	0.8000	0.8000	0.8000
2022101222	0.8000	0.8000	0.8000	0.8000
2022101223	0.8000	0.8000	0.8000	0.8000
2022101300	0.8000	0.8000	0.8000	0.8000
2022101301	0.8000	0.8000	0.8000	0.8000
2022101302	0.8000	0.8000	0.8000	0.8000
2022101303	0.8000	0.8000	0.8000	0.8000
2022101304	0.8000	0.8000	0.8000	0.8000
2022101305	0.8000	0.8000	0.8000	0.8000
2022101306	0.8000	0.8000	0.8000	0.8000
2022101307	0.8000	0.8000	0.8000	0.8000
2022101308	0.8000	0.8000	0.8000	0.8000
2022101309	0.8000	0.8000	0.8000	0.8000
2022101310	0.8000	0.8000	0.8000	0.8000
2022101311	0.8000	0.8000	0.8000	0.8000
2022101312	0.8000	0.8000	0.8000	0.8000
2022101313	0.8000	0.8000	0.8000	0.8000
2022101314	0.8000	0.8000	0.8000	0.8000
2022101315	0.8000	0.8000	0.8000	0.8000
2022101316	0.8000	0.8000	0.8000	0.8000
2022101317	0.8000	0.8000	0.8000	0.8000
2022101318	0.8000	0.8000	0.8000	0.8000
2022101319	0.8000	0.8000	0.8000	0.8000
2022101320	0.8000	0.8000	0.8000	0.8000
2022101321	0.8000	0.8000	0.8000	0.8000
2022101322	0.8000	0.8000	0.8000	0.8000
2022101323	0.8000	0.8000	0.8000	0.8000
2022101400	0.8000	0.8000	0.8000	0.8000
2022101401	0.8000	0.8000	0.8000	0.8000
2022101402	0.8000	0.8000	0.8000	0.8000
2022101403	0.8000	0.8000	0.8000	0.8000
2022101404	0.8000	0.8000	0.8000	0.8000
2022101405	0.8000	0.8000	0.8000	0.8000
2022101406	0.8000	0.8000	0.8000	0.8000
2022101407	0.8000	0.8000	0.8000	0.8000
2022101408	0.8000	0.8000	0.8000	0.8000
2022101409	0.8000	0.8000	0.8000	0.8000
2022101410	0.8000	0.8000	0.8000	0.8000
2022101411	0.8000	0.8000	0.8000	0.8000
2022101412	0.8000	0.8000	0.8000	0.8000
2022101413	0.8000	0.8000	0.8000	0.8000
2022101414	0.8000	0.8000	0.8000	0.8000
2022101415	0.8000	0.8000	0.8000	0.8000
2022101416	0.8000	0.8000	0.8000	0.8000
2022101417	0.8000	0.8000	0.8000	0.8000
2022101418	0.8000	0.8000	0.8000	0.8000
2022101419	0.8000	0.8000	0.8000	0.8000
2022101420	0.8000	0.8000	0.8000	0.8000
2022101421	0.8000	0.8000	0.8000	0.8000
2022101422	0.8000	0.8000	0.8000	0.8000
2022101423	0.8000	0.8000	0.8000	0.8000
2022101500	0.8000	0.8000	0.8000	0.8000
2022101501	0.8000	0.8000	0.8000	0.8000
2022101502	0.8000	0.8000	0.8000	0.8000
2022101503	0.8000	0.8000	0.8000	0.8000
2022101504	0.8000	0.8000	0.8000	0.8000
2022101505	0.8000	0.8000	0.8000	0.8000
2022101506	0.8000	0.8000	0.8000	0.8000
2022101507	0.8000	0.8000	0.8000	0.8000
2022101508	0.8000	0.8000	0.8000	0.8000
2022101509	0.8000	0.8000	0.8000	0.8000
2022101510	0.8000	0.8000	0.8000	0.8000
2022101511	0.8000	0.8000	0.8000	0.8000
2022101512	0.8000	0.8000	0.8000	0.8000
2022101513	0.8000	0.8000	0.8000	0.8000
2022101514	0.8000	0.8000	0.8000	0.8000
2022101515	0.8000	0.8000	0.8000	0.8000
2022101516	0.8000	0.8000	0.8000	0.8000
2022101517	0.8000	0.8000	0.8000	0.8000
2022101518	0.8000	0.8000	0.8000	0.8000
2022101519	0.8000	0.8000	0.8000	0.8000
2022101520	0.8000	0.8000	0.8000	0.8000
2022101521	0.8000	0.8000	0.8000	0.8000
2022101522	0.8000	0.8000	0.8000	0.8000
2022101523	0.8000	0.8000	0.8000	0.8000
2022101600	0.8000	0.8000	0.8000	0.8000
2022101601	0.8000	0.8000	0.8000	0.8000
2022101602	0.8000	0.8000	0.8000	0.8000
2022101603	0.8000	0.8000	0.8000	0.8000
2022101604	0.8000	0.8000	0.8000	0.8000
2022101605	0.8000	0.8000	0.8000	0.8000
2022101606	0.8000	0.8000	0.8000	0.8000
2022101607	0.8000	0.8000	0.8000	0.8000
2022101608	0.8000	0.8000	0.8000	0.8000
2022101609	0.8000	0.8000	0.8000	0.8000
2022101610	0.8000	0.8000	0.8000	0.8000
2022101611	0.8000	0.8000	0.8000	0.8000
2022101612	0.8000	0.8000	0.8000	0.8000
2022101613	0.8000	0.8000	0.8000	0.8000
2022101614	0.8000	0.8000	0.8000	0.8000
2022101615	0.8000	0.8000	0.8000	0.8000
2022101616	0.8000	0.8000	0.8000	0.8000
2022101617	0.8000	0.8000	0.8000	0.8000
2022101618	0.8000	0.8000	0.8000	0.8000
2022101619	0.8000	0.8000	0.8000	0.8000
2022101620	0.8000	0.8000	0.8000	0.8000
2022101621	0.8000	0.8000	0.8000	0.8000
2022101622	0.8000	0.8000	0.8000	0.8000
2022101623	0.8000	0.8000	0.8000	0.8000
2022101700	0.8000	0.8000	0.8000	0.8000
2022101701	0.8000	0.8000	0.8000	0.8000
2022101702	0.8000	0.8000	0.8000	0.8000
2022101703	0.8000	0.8000	0.8000	0.8000
2022101704	0.8000	0.8000	0.8000	0.8000
2022101705	0.8000	0.8000	0.8000	0.8000
2022101706	0.8000	0.8000	0.8000	0.8000
2022101707	0.8000	0.8000	0.8000	0.8000
2022101708	0.8000	0.8000	0.8000	0.8000
2022101709	0.8000	0.8000	0.8000	0.8000
2022101710	0.8000	0.8000	0.8000	0.8000
2022101711	0.8000	0.8000	0.8000	0.8000
2022101712	0.8000	0.8000	0.8000	0.8000
2022101713	0.8000	0.8000	0.8000	0.8000
2022101714	0.8000	0.8000	0.8000	0.8000
2022101715	0.8000	0.8000	0.8000	0.8000
2022101716	0.8000	0.8000	0.8000	0.8000
2022101717	0.8000	0.8000	0.8000	0.8000
2022101718	0.8000	0.8000	0.8000	0.8000
2022101719	0.8000	0.8000	0.8000	0.8000
2022101720	0.8000	0.8000	0.8000	0.8000
2022101721	0.8000	0.8000	0.8000	0.8000
2022101722	0.8000	0.8000	0.8000	0.8000
2022101723	0.8000	0.8000	0.8000	0.8000
2022101800	0.8000	0.8000	0.8000	0.8000
2022101801	0.8000	0.8000	0.8000	0.8000
2022101802	0.8000	0.8000	0.8000	0.8000
2022101803	0.8000	0.8000	0.8000	0.8000
2022101804	0.8000	0.8000	0.8000	0.8000
2022101805	0.8000	0.8000	0.8000	0.8000
2022101806	0.8000	0.8000	0.8000	0.8000
2022101807	0.8000	0.8000	0.8000	0.8000
2022101808	0.8000	0.8000	0.8000	0.8000
2022101809	0.8000	0.8000	0.8000	0.8000
2022101810	0.8000	0.8000	0.8000	0.8000
2022101811	0.8000	0.8000	0.8000	0.8000
2022101812	0.8000	0.8000	0.8000	0.8000
2022101813	0.8000	0.8000	0.8000	0.8000
2022101814	0.8000	0.8000	0.8000	0.8000
2022101815	0.8000	0.8000	0.8000	0.8000
2022101816	0.8000	0.8000	0.8000	0.8000
2022101817	0.8000	0.8000	0.8000	0.8000
2022101818	0.8000	0.8000	0.8000	0.8000
2022101819	0.8000	0.8000	0.8000	0.8000
2022101820	0.8000	0.8000	0.8000	0.8000
2022101821	0.8000	0.8000	0.8000	0.8000
2022101822	0.8000	0.8000	0.8000	0.8000
2022101823	0.8000	0.8000	0.8000	0.8000
2022101900	0.8000	0.8000	0.8000	0.8000
2022101901	0.8000	0.8000	0.8000	0.8000
2022101902	0.8000	0.8000	0.8000	0.8000
2022101903	0.8000	0.8000	0.8000	0.8000
2022101904	0.8000	0.8000	0.8000	0.8000
2022101905	0.8000	0.8000	0.8000	0.8000
2022101906	0.8000	0.8000	0.8000	0.8000
2022101907	0.8000	0.8000	0.8000	0.8000
2022101908	0.8000	0.8000	0.8000	0.8000
2022101909	0.8000	0.8000	0.8000	0.8000
2022101910	0.8000	0.8000	0.8000	0.8000
2022101911	0.8000	0.8000	0.8000	0.8000
2022101912	0.8000	0.8000	0.8000	0.8000
2022101913	0.8000	0.8000	0.8000	0.8000
2022101914	0.8000	0.8000	0.8000	0.8000
2022101915	0.8000	0.8000	0.8000	0.8000
2022101916	0.8000	0.8000	0.8000	0.8000
2022101917	0.8000	0.8000	0.8000	0.8000
2022101918	0.8000	0.8000	0.8000	0.8000
2022101919	0.8000	0.8000	0.8000	0.8000
2022101920	0.8000	0.8000	0.8000	0.8000
2022101921	0.8000	0.8000	0.8000	0.8000
2022101922	0.8000	0.8000	0.8000	0.8000
2022101923	0.8000	0.8000	0.8000	0.8000
2022102000	0.8000	0.8000	0.8000	0.8000
2022102001	0.8000	0.8000	0.8000	0.8000
2022102002	0.8000	0.8000	0.8000	0.8000
2022102003	0.8000	0.8000	0.8000	0.8000
2022102004	0.8000	0.8000	0.8000	0.8000
2022102005	0.8000	0.8000	0.8000	0.8000
2022102006	0.8000	0.8000	0.8000	0.8000
2022102007	0.8000	0.8000	0.8000	0.8000
2022102008	0.8000	0.8000	0.8000	0.8000
2022102009	0.8000	0.8000	0.8000	0.8000
2022102010	0.8000	0.8000	0.8000	0.8000
2022102011	0.8000	0.8000	0.8000	0.8000
2022102012	0.8000	0.8000	0.8000	0.8000
2022102013	0.8000	0.8000	0.8000	0.8000
2022102014	0.8000	0.8000	0.8000	0.8000
2022102015	0.8000	0.8000	0.8000	0.8000
2022102016	0.8000	0.8000	0.8000	0.8000
2022102017	0.8000	0.8000	0.8000	0.8000
2022102018	0.8000	0.8000	0.8000	0.8000
2022102019	0.8000	0.8000	0.8000	0.8000
2022102020	0.8000	0.8000	0.8000	0.8000
2022102021	0.8000	0.8000	0.8000	0.8000
2022102022	0.8000	0.8000	0.8000	0.8000
2022102023	0.8000	0.8000	0.8000	0.8000
2022102100	0.8000	0.8000	0.8000	0.8000
2022102101	0.8000	0.8000	0.8000	0.8000
2022102102	0.8000	0.8000	0.8000	0.8000
2022102103	0.8000	0.8000	0.8000	0.8000
2022102104	0.8000	0.8000	0.8000	0.8000
2022102105	0.8000	0.8000	0.8000	0.8000
2022102106	0.8000	0.8000	0.8000	0.8000
2022102107	0.8000	0.8000	0.8000	0.8000
2022102108	0.8000	0.8000	0.8000	0.8000
2022102109	0.8000	0.8000	0.8000	0.8000
2022102110	0.8000	0.8000	0.8000	0.8000
2022102111	0.8000	0.8000	0.8000	0.8000
2022102112	0.8000	0.8000	0.8000	0.8000
2022102113	0.8000	0.8000	0.8000	0.8000
2022102114	0.8000	0.8000	0.8000	0.8000
2022102115	0.8000	0.8000	0.8000	0.8000
2022102116	0.8000	0.8000	0.8000	0.8000
2022102117	0.8000	0.8000	0.8000	0.8000
2022102118	0.8000	0.8000	0.8000	0.8000
2022102119	0.8000	0.8000	0.8000	0.8000
2022102120	0.8000	0.8000	0.8000	0.8000
2022102121	0.8000	0.8000	0.8000	0.8000
2022102122	0.8000	0.8000	0.8000	0.8000
2022102123	0.8000	0.8000	0.8000	0.8000
2022102200	0.8000	0.8000	0.8000	0.8000
2022102201	0.8000	0.8000	0.8000	0.8000
2022102202	0.8000	0.8000	0.8000	0.8000
2022102203	0.8000	0.8000	0.8000	0.8000
2022102204	0.8000	0.8000	0.8000	0.8000
2022102205	0.8000	0.8000	0.8000	0.8000
2022102206	0.8000	0.8000	0.8000	0.8000
2022102207	0.8000	0.8000	0.8000	0.8000
2022102208	0.8000	0.8000	0.8000	0.8000
2022102209	0.8000	0.8000	0.8000	0.8000
2022102210	0.8000	0.8000	0.8000	0.8000
2022102211	0.8000	0.8000	0.8000	0.8000
2022102212	0.8000	0.8000	0.8000	0.8000
2022102213	0.8000	0.8000	0.8000	0.8000
2022102214	0.8000	0.8000	0.8000	0.8000
2022102215	0.8000	0.8000	0.8000	0.8000
2022102216	0.8000	0.8000	0.8000	0.8000
2022102217	0.8000	0.8000	0.8000	0.8000
2022102218	0.8000	0.8000	0.8000	0.8000
2022102219	0.8000	0.8000	0.8000	0.8000
2022102220	0.8000	0.8000	0.8000	0.8000
2022102221	0.8000	0.8000	0.8000	0.8000
2022102222	0.8000	0.8000	0.8000	0.8000
2022102223	0.8000	0.8000	0.8000	0.8000
2022102300	0.8000	0.8000	0.8000	0.8000
2022102301	0.8000	0.8000	0.8000	0.8000
2022102302	0.8000	0.8000	0.8000	0.8000
2022102303	0.8000	0.8000	0.8000	0.8000
2022102304	0.8000	0.8000	0.8000	0.8000
2022102305	0.8000	0.8000	0.8000	0.8000
2022102306	0.8000	0.8000	0.8000	0.8000
2022102307	0.8000	0.8000	0.8000	0.8000
2022102308	0.8000	0.8000	0.8000	0.8000
2022102309	0.8000	0.8000	0.8000	0.8000
2022102310	0.8000	0.8000	0.8000	0.8000
2022102311	0.8000	0.8000	0.8000	0.8000
2022102312	0.8000	0.8000	0.8000	0.8000
2022102313	0.8000	0.8000	0.8000	0.8000
2022102314	0.8000	0.8000	0.8000	0.8000
2022102315	0.8000	0.8000	0.8000	0.8000
2022102316	0.8000	0.8000	0.8000	0.8000
2022102317	0.8000	0.8000	0.8000	0.8000
2022102318	0.8000	0.8000	0.8000	0.8000
2022102319	0.8000	0.8000	0.8000	0.8000
2022102320	0.8000	0.8000	0.8000	0.8000
2022102321	0.8000	0.8000	0.8000	0.8000
2022102322	0.8000	0.8000	0.8000	0.8000
2022102323	0.8000	0.8000	0.8000	0.8000
2022102400	0.8000	0.8000	0.8000	0.8000
2022102401	0.8000	0.8000	0.8000	0.8000
2022102402	0.8000	0.8000	0.8000	0.8000
2022102403	0.8000	0.8000	0.8000	0.8000
2022102404	0.8000	0.8000	0.8000	0.8000
2022102405	0.8000	0.8000	0.8000	0.8000
2022102406	0.8000	0.8000	0.8000	0.8000
2022102407	0.8000	0.8000	0.8000	0.8000
2022102408	0.8000	0.8000	0.8000	0.8000
2022102409	0.8000	0.8000	0.8000	0.8000
2022102410	0.8000	0.8000	0.8000	0.8000
2022102411	0.8000	0.8000	0.8000	0.8000
2022102412	0.8000	0.8000	0.8000	0.8000
2022102413	0.8000	0.8000	0.8000	0.8000
2022102414	0.8000	0.8000	0.8000	0.8000
2022102415	0.8000	0.8000	0.8000	0.8000
2022102416	0.8000	0.8000	0.8000	0.8000
2022102417	0.8000	0.8000	0.8000	0.8000
2022102418	0.8000	0.8000	0.8000	0.8000
2022102419	0.8000	0.8000	0.8000	0.8000
2022102420	0.8000	0.8000	0.8000	0.8000
2022102421	0.8000	0.8000	0.8000	0.8000
2022102422	0.8000	0.8000	0.8000	0.8000
2022102423	0.8000	0.8000	0.8000	0.8000
2022102500	0.8000	0.8000	0.8000	0.8000
2022102501	0.8000	0.8000	0.8000	0.8000
2022102502	0.8000	0.8000	0.8000	0.8000
2022102503	0.8000	0.8000	0.8000	0.8000
2022102504	0.8000	0.8000	0.8000	0.8000
2022102505	0.8000	0.8000	0.8000	0.8000
2022102506	0.8000	0.8000	0.8000	0.8000
2022102507	0.8000	0.8000	0.8000	0.8000
2022102508	0.8000	0.8000	0.8000	0.8000
2022102509	0.8000	0.8000	0.8000	0.8000
2022102510	0.8000	0.8000	0.8000	0.8000
2022102511	0.8000	0.8000	0.8000	0.8000
2022102512	0.8000	0.8000	0.8000	0.8000
2022102513	0.8000	0.8000	0.8000	0.8000
2022102514	0.8000	0.8000	0.8000	0.8000
2022102515	0.8000	0.8000	0.8000	0.8000
2022102516	0.8000	0.8000	0.8000	0.8000
2022102517	0.8000	0.8000	0.8000	0.8000
2022102518	0.8000	0.8000	0.8000	0.8000
2022102519	0.8000	0.8000	0.8000	0.8000
2022102520	0.8000	0.8000	0.8000	0.8000
2022102521	0.8000	0.8000	0.8000	0.8000
2022102522	0.8000	0.8000	0.8000	0.8000
2022102523	0.8000	0.8000	0.8000	0.8000
2022102600	0.8000	0.8000	0.8000	0.8000
2022102601	0.8000	0.8000	0.8000	0.8000
2022102602	0.8000	0.8000	0.8000	0.8000
2022102603	0.8000	0.8000	0.8000	0.8000
2022102604	0.8000	0.8000	0.8000	0.8000
2022102605	0.8000	0.8000	0.8000	0.8000
2022102606	0.8000	0.8000	0.8000	0.8000
2022102607	0.8000	0.8000	0.8000	0.8000
2022102608	0.8000	0.8000	0.8000	0.8000
2022102609	0.8000	0.8000	0.8000	0.8000
2022102610	0.8000	0.8000	0.8000	0.8000
2022102611	0.8000	0.8000	0.8000	0.8000
2022102612	0.8000	0.8000	0.8000	0.8000
2022102613	0.8000	0.8000	0.8000	0.8000
2022102614	0.8000	0.8000	0.8000	0.8000
2022102615	0.8000	0.8000	0.8000	0.8000
2022102616	0.8000	0.8000	0.8000	0.8000
2022102617	0.8000	0.8000	0.8000	0.8000
2022102618	0.8000	0.8000	0.8000	0.8000
2022102619	0.8000	0.8000	0.8000	0.8000
2022102620	0.8000	0.8000	0.8000	0.8000
2022102621	0.8000	0.8000	0.8000	0.8000
2022102622	0.8000	0.8000	0.8000	0.8000
2022102623	0.8000	0.8000	0.8000	0.8000
2022102700	0.8000	0.8000	0.8000	0.8000
2022102701	0.8000	0.8000	0.8000	0.8000
2022102702	0.8000	0.8000	0.8000	0.8000
2022102703	0.8000	0.8000	0.8000	0.8000
2022102704	0.8000	0.8000	0.8000	0.8000
2022102705	0.8000	0.8000	0.8000	0.8000
2022102706	0.8000	0.8000	0.8000	0.8000
2022102707	0.8000	0.8000	0.8000	0.8000
2022102708	0.8000	0.8000	0.8000	0.8000
2022102709	0.8000	0.8000	0.8000	0.8000
2022102710	0.8000	0.8000	0.8000	0.8000
2022102711	0.8000	0.8000	0.8000	0.8000
2022102712	0.8000	0.8000	0.8000	0.8000
2022102713	0.8000	0.8000	0.8000	0.8000
2022102714	0.8000	0.8000	0.8000	0.8000
2022102715	0.8000	0.8000	0.8000	0.8000
2022102716	0.8000	0.8000	0.8000	0.8000
2022102717	0.8000	0.8000	0.8000	0.8000
2022102718	0.8000	0.8000	0.8000	0.8000
2022102719	0.8000	0.8000	0.8000	0.8000
2022102720	0.8000	0.8000	0.8000	0.8000
2022102721	0.8000	0.8000	0.8000	0.8000
2022102722	0.8000	0.8000	0.8000	0.8000
2022102723	0.8000	0.8000	0.8000	0.8000
2022102800	0.8000	0.8000	0.8000	0.8000
2022102801	0.8000	0.8000	0.8000	0.8000
2022102802	0.8000	0.8000	0.8000	0.8000
2022102803	0.8000	0.8000	0.8000	0.8000
2022102804	0.8000	0.8000	0.8000	0.8000
2022102805	0.8000	0.8000	0.8000	0.8000
2022102806	0.8000	0.8000	0.8000	0.8000
2022102807	0.8000	0.8000	0.8000	0.8000
2022102808	0.8000	0.8000	0.8000	0.8000
2022102809	0.8000	0.8000	0.8000	0.8000
2022102810	0.8000	0.8000	0.8000	0.8000
2022102811	0.8000	0.8000	0.8000	0.8000
2022102812	0.8000	0.8000	0.8000	0.8000
2022102813	0.8000	0.8000	0.8000	0.8000
2022102814	0.8000	0.8000	0.8000	0.8000
2022102815	0.8000	0.8000	0.8000	0.8000
2022102816	0.8000	0.8000	0.8000	0.8000
2022102817	0.8000	0.8000	0.8000	0.8000
2022102818	0.8000	0.8000	0.8000	0.8000
2022102819	0.8000	0.8000	0.8000	0.8000
2022102820	0.8000	0.8000	0.8000	0.8000
2022102821	0.8000	0.8000	0.8000	0.8000
2022102822	0.8000	0.8000	0.8000	0.8000
2022102823	0.8000	0.8000	0.8000	0.8000
2022102900	0.8000	0.8000	0.8000	0.8000
2022102901	0.8000	0.8000	0.8000	0.8000
2022102902	0.8000	0.8000	0.8000	0.8000
2022102903	0.8000	0.8000	0.8000	0.8000
2022102904	0.8000	0.8000	0.8000	0.8000
2022102905	0.8000	0.8000	0.8000	0.8000
2022102906	0.8000	0.8000	0.8000	0.8000
2022102907	0.8000	0.8000	0.8000	0.8000
2022102908	0.8000	0.8000	0.8000	0.8000
2022102909	0.8000	0.8000	0.8000	0.8000
2022102910	0.8000	0.8000	0.8000	0.8000
2022102911	0.8000	0.8000	0.8000	0.8000
2022102912	0.8000	0.8000	0.8000	0.8000
2022102913	0.8000	0.8000	0.8000	0.8000
2022102914	0.8000	0.8000	0.8000	0.8000
2022102915	0.8000	0.8000	0.8000	0.8000
2022102916	0.8000	0.8000	0.8000	0.8000
2022102917	0.8000	0.8000	0.8000	0.8000
2022102918	0.8000	0.8000	0.8000	0.8000
2022102919	0.8000	0.8000	0.8000	0.8000
2022102920	0.8000	0.8000	0.8000	0.8000
2022102921	0.8000	0.8000	0.8000	0.8000
2022102922	0.8000	0.8000	0.8000	0.8000
2022102923	0.8000	0.8000	0.8000	0.8000
2022103000	0.8000	0.8000	0.8000	0.8000
2022103001	0.8000	0.8000	0.8000	0.8000
2022103002	0.8000	0.8000	0.8000	0.8000
2022103003	0.8000	0.8000	0.8000	0.8000
2022103004	0.8000	0.8000	0.8000	0.8000
2022103005	0.8000	0.8000	0.8000	0.8000
2022103006	0.8000	0.8000	0.8000	0.8000
2022103007	0.8000	0.8000	0.8000	0.8000
2022103008	0.8000	0.8000	0.8000	0.8000
2022103009	0.8000	0.8000	0.8000	0.8000
2022103010	0.8000	0.8000	0.8000	0.8000
2022103011	0.8000	0.8000	0.8000	0.8000
2022103012	0.8000	0.8000	0.8000	0.8000
2022103013	0.8000	0.8000	0.8000	0.8000
2022103014	0.8000	0.8000	0.8000	0.8000
2022103015	0.8000	0.8000	0.8000	0.8000
2022103016	0.8000	0.8000	0.8000	0.8000
2022103017	0.8000	0.8000	0.8000	0.8000
2022103018	0.8000	0.8000	0.8000	0.8000
2022103019	0.8000	0.8000	0.8000	0.8000
2022103020	0.8000	0.8000	0.8000	0.8000
2022103021	0.8000	0.8000	0.8000	0.8000
2022103022	0.8000	0.8000	0.8000	0.8000
2022103023	0.8000	0.8000	0.8000	0.8000
2022103100	0.8000	0.8000	0.8000	0.8000
2022103101	0.8000	0.8000	0.8000	0.8000
2022103102	0.8000	0.8000	0.8000	0.8000
2022103103	0.8000	0.8000	0.8000	0.8000
2022103104	0.8000	0.8000	0.8000	0.8000
2022103105	0.8000	0.8000	0.8000	0.8000
2022103106	0.8000	0.8000	0.8000	0.8000
2022103107	0.8000	0.8000	0.8000	0.8000
2022103108	0.8000	0.8000	0.8000	0.8000
2022103109	0.8000	0.8000	0.8000	0.8000
2022103110	0.8000	0.8000	0.8000	0.8000
2022103111	0.8000	0.8000	0.8000	0.8000
2022103112	0.8000	0.8000	0.8000	0.8000
2022103113	0.8000	0.8000	0.8000	0.8000
2022103114	0.8000	0.8000	0.8000	0.8000
2022103115	0.8000	0.8000	0.8000	0.8000
2022103116	0.8000	0.8000	0.8000	0.8000
2022103117	0.8000	0.8000	0.8000	0.8000
2022103118	0.8000	0.8000	0.8000	0.8000
2022103119	0.8000	0.8000	0.8000	0.8000
2022103120	0.8000	0.8000	0.8000	0.8000
2022103121	0.8000	0.8000	0.8000	0.8000
2022103122	0.8000	0.8000	0.8000	0.8000
2022103123	0.8000	0.8000	0.8000	0.8000
2022110100	0.8000	0.8000	0.8000	0.8000
2022110200	0.8000	0.8000	0.8000	0.8000
2022110300	0.8000	0.8000	0.8000	0.8000
2022110400	0.8000	0.8000	0.8000	0.8000
2022110500	0.8000	0.8000	0.8000	0.8000
2022110600	0.8000	0.8000	0.8000	0.8000
2022110700	0.8000	0.8000	0.8000	0.8000
2022110800	0.8000	0.8000	0.8000	0.8000
2022110900	0.8000	0.8000	0.8000	0.8000
2022111000	0.8000	0.8000	0.8000	0.8000
2022111100	0.8000	0.8000	0.8000	0.8000
2022111200	0.8000	0.8000	0.8000	0.8000
2022111300	0.8000	0.8000	0.8000	0.8000
2022111400	0.8000	0.8000	0.8000	0.8000
2022111500	0.8000	0.8000	0.8000	0.8000
2022111600	0.8000	0.8000	0.8000	0.8000
2022111700	0.8000	0.8000	0.8000	0.8000
2022111800	0.8000	0.8000	0.8000	0.8000
2022111900	0.8000	0.8000	0.8000	0.8000
2022112000	0.8000	0.8000	0.8000	0.8000
2022112100	0.8000	0.8000	0.8000	0.8000
2022112200	0.8000	0.8000	0.8000	0.8000
2022112300	0.8000	0.8000	0.8000	0.8000
2022112400	0.8000	0.8000	0.8000	0.8000
2022112500	0.8000	0.8000	0.8000	0.8000
2022112600	0.8000	0.8000	0.8000	0.8000
2022112700	0.8000	0.8000	0.8000	0.8000
2022112800	0.8000	0.8000	0.8000	0.8000
2022112900	0.8000	0.8000	0.8000	0.8000
2022113000	0.8000	0.8000	0.8000	0.8000
2022120100	0.8000	0.8000	0.8000	0.8000
2022120200	0.8000	0.8000	0.8000	0.8000
2022120300	0.8000	0.8000	0.8000	0.8000
2022120400	0.8000	0.8000	0.8000	0.8000
2022120500	0.8000	0.8000	0.8000	0.8000
2022120600	0.8000	0.8000	0.8000	0.8000
2022120700	0.8000	0.8000	0.8000	0.8000
2022120800	0.8000	0.8000	0.8000	0.8000
2022120900	0.8000	0.8000	0.8000	0.8000
2022121000	0.8000	0.8000	0.8000	0.8000
2022121100	0.8000	0.8000	0.8000	0.8000
2022121200	0.8000	0.8000	0.8000	0.8000
2022121300	0.8000	0.8000	0.8000	0.8000
2022121400	0.8000	0.8000	0.8000	0.8000
2022121500	0.8000	0.8000	0.8000	0.8000
2022121600	0.8000	0.8000	0.8000	0.8000
2022121700	0.8000	0.8000	0.8000	0.8000
2022121800	0.8000	0.8000	0.8000	0.8000
2022121900	0.8000	0.8000	0.8000	0.8000
2022122000	0.8000	0.8000	0.8000	0.8000
2022122100	0.8000	0.8000	0.8000	0.8000
2022122200	0.8000	0.8000	0.8000	0.8000
2022122300	0.8000	0.8000	0.8000	0.8000
2022122400	0.8000	0.8000	0.8000	0.8000
2022122500	0.8000	0.8000	0.8000	0.8000
2022122600	0.8000	0.8000	0.8000	0.8000
2022122700	0.8000	0.8000	0.8000	0.8000
2022122800	0.8000	0.8000	0.8000	0.8000
2022122900	0.8000	0.8000	0.8000	0.8000
2022123000	0.8000	0.8000	0.8000	0.8000
2022123100	0.8000	0.8000	0.8000	0.8000
2023010100	0.6857	0.8000	0.8000	0.8000
2023010800	0.0000	0.8000	0.8000	0.8000
2023011500	0.0000	0.8000	0.8000	0.8000
2023012200	0.0000	0.6333	0.8000	0.7167
2023012900	0.0000	0.0000	0.0357	0.1310
2023020500	0.0000	0.0000	0.0000	0.0000
2023021200	0.0000	0.0000	0.0000	0.0000
2023021900	0.0000	0.0000	0.0000	0.0000
2023022600	0.0774	0.0000	0.0000	0.0000
2023030500	1.0000	0.0000	0.0000	0.0000
2023031200	1.0000	0.0000	0.0000	0.0000
2023031900	1.0000	0.0000	0.0000	0.0000
2023032600	0.8155	0.0000	0.0000	0.0000
2023040200	0.0000	0.0000	0.0000	0.0000
2023040900	0.4667	0.4667	0.4667	0.4667
2023041600	0.8000	0.8000	0.8000	0.8000
2023042300	0.8000	0.8000	0.8000	0.8000
2023043000	0.8000	0.8000	0.8000	0.8000
2023050700	0.4905	0.4905	0.4905	0.4905
2023051400	0.0000	0.0000	0.0000	0.0000
2023052100	0.0000	0.0000	0.0000	0.0000
2023052800	0.0000	0.0000	0.0000	0.0000
2023060400	0.0000	0.0000	0.0000	0.0000
2023061100	0.0000	0.0000	0.0000	0.0000
2023061800	0.0000	0.0000	0.0000	0.0000
2023062500	0.0000	0.0000	0.0000	0.0000
2023070200	0.0000	0.0000	0.0000	0.0000
2023070900	0.0000	0.0000	0.0000	0.0000
2023071600	0.4571	0.4571	0.4571	0.4571
2023072300	0.8000	0.8000	0.8000	0.8000
2023073000	0.8000	0.8000	0.8000	0.8000
2023080600	0.8000	0.8000	0.8000	0.8000
2023081300	0.8000	0.8000	0.8000	0.8000
2023082000	0.8000	0.8000	0.8000	0.8000
2023082700	0.8000	0.8000	0.8000	0.8000
