Date_NodeID	0	3	5	9
2022090100	0.3600	0.2300	0.3100	0.6700
2022090101	0.3600	0.2300	0.3000	0.6700
2022090102	0.3600	0.2300	0.3000	0.6700
2022090103	0.3600	0.2300	0.3000	0.6600
2022090104	0.3600	0.2200	0.3000	0.6600
2022090105	0.3600	0.2200	0.3000	0.6600
2022090106	0.3500	0.2200	0.3000	0.6600
2022090107	0.3500	0.2200	0.3000	0.6500
2022090108	0.3500	0.2200	0.3000	0.6500
2022090109	0.3500	0.2200	0.2900	0.6500
2022090110	0.3500	0.2200	0.2900	0.6400
2022090111	0.3400	0.2200	0.2900	0.6400
2022090112	0.3400	0.2200	0.2900	0.6400
2022090113	0.3400	0.2200	0.2900	0.6300
2022090114	0.3400	0.2100	0.2900	0.6300
2022090115	0.3400	0.2100	0.2900	0.6200
2022090116	0.3400	0.2100	0.2900	0.6200
2022090117	0.3400	0.2100	0.2800	0.6200
2022090118	0.3400	0.2100	0.2800	0.6200
2022090119	0.3300	0.2100	0.2800	0.6200
2022090120	0.3300	0.2100	0.2800	0.6200
2022090121	0.3300	0.2100	0.2800	0.6200
2022090122	0.3300	0.2100	0.2800	0.6100
2022090123	0.3300	0.2100	0.2800	0.6100
2022090200	0.3300	0.2100	0.2800	0.6100
2022090201	0.3300	0.2100	0.2800	0.6100
2022090202	0.3300	0.2100	0.2800	0.6000
2022090203	0.3200	0.2000	0.2700	0.6000
2022090204	0.3200	0.2000	0.2700	0.6000
2022090205	0.3200	0.2000	0.2700	0.6000
2022090206	0.3200	0.2000	0.2700	0.5900
2022090207	0.3200	0.2000	0.2700	0.5900
2022090208	0.3100	0.2000	0.2700	0.5900
2022090209	0.3100	0.2000	0.2700	0.5900
2022090210	0.3100	0.2000	0.2600	0.5800
2022090211	0.3100	0.1900	0.2600	0.5800
2022090212	0.3100	0.1900	0.2600	0.5800
2022090213	0.3100	0.1900	0.2600	0.5700
2022090214	0.3100	0.1900	0.2600	0.5700
2022090215	0.3100	0.1900	0.2600	0.5700
2022090216	0.3000	0.1900	0.2600	0.5600
2022090217	0.3000	0.1900	0.2600	0.5600
2022090218	0.3000	0.1900	0.2600	0.5600
2022090219	0.3000	0.1900	0.2600	0.5600
2022090220	0.3000	0.1900	0.2500	0.5600
2022090221	0.3000	0.1900	0.2500	0.5600
2022090222	0.2900	0.1900	0.2500	0.5500
2022090223	0.3000	0.1900	0.2500	0.5500
2022090300	0.2900	0.1900	0.2500	0.5500
2022090301	0.2900	0.1900	0.2500	0.5500
2022090302	0.2900	0.1900	0.2500	0.5500
2022090303	0.3000	0.1900	0.2500	0.5500
2022090304	0.3000	0.1900	0.2500	0.5500
2022090305	0.2900	0.1900	0.2500	0.5500
2022090306	0.2900	0.1900	0.2500	0.5500
2022090307	0.2900	0.1800	0.2500	0.5500
2022090308	0.2900	0.1800	0.2500	0.5400
2022090309	0.2900	0.1800	0.2500	0.5400
2022090310	0.2900	0.1800	0.2400	0.5400
2022090311	0.2800	0.1800	0.2400	0.5400
2022090312	0.2800	0.1800	0.2400	0.5400
2022090313	0.2800	0.1800	0.2400	0.5300
2022090314	0.2700	0.1700	0.2400	0.5300
2022090315	0.2700	0.1700	0.2400	0.5200
2022090316	0.2700	0.1700	0.2400	0.5200
2022090317	0.2700	0.1700	0.2300	0.5200
2022090318	0.2700	0.1700	0.2300	0.5200
2022090319	0.2700	0.1700	0.2400	0.5200
2022090320	0.2800	0.1800	0.2400	0.5300
2022090321	0.2800	0.1800	0.2500	0.5500
2022090322	0.2900	0.1800	0.2500	0.5500
2022090323	0.2900	0.1800	0.2500	0.5500
2022090400	0.3100	0.2000	0.2700	0.6100
2022090401	0.3200	0.2100	0.2900	0.6500
2022090402	0.3200	0.2000	0.2800	0.6400
2022090403	0.3200	0.2000	0.2800	0.6400
2022090404	0.3200	0.2100	0.2900	0.6500
2022090405	0.3200	0.2100	0.2900	0.6600
2022090406	0.3200	0.2100	0.3000	0.6700
2022090407	0.3200	0.2100	0.3000	0.6700
2022090408	0.3200	0.2100	0.3000	0.6800
2022090409	0.3200	0.2100	0.3000	0.6800
2022090410	0.3200	0.2100	0.3000	0.6800
2022090411	0.3200	0.2100	0.3000	0.6800
2022090412	0.3200	0.2100	0.3000	0.6900
2022090413	0.3200	0.2100	0.3000	0.6800
2022090414	0.3200	0.2100	0.3000	0.6800
2022090415	0.3200	0.2100	0.3000	0.6800
2022090416	0.3200	0.2100	0.3000	0.6800
2022090417	0.3300	0.2100	0.3000	0.6800
2022090418	0.3300	0.2100	0.3000	0.6700
2022090419	0.3300	0.2100	0.3000	0.6700
2022090420	0.3300	0.2200	0.3000	0.6700
2022090421	0.3400	0.2200	0.3000	0.6700
2022090422	0.3400	0.2200	0.3000	0.6700
2022090423	0.3400	0.2200	0.3000	0.6600
2022090500	0.3400	0.2200	0.3000	0.6600
2022090501	0.3400	0.2200	0.3000	0.6600
2022090502	0.3400	0.2200	0.3000	0.6600
2022090503	0.3500	0.2200	0.3000	0.6600
2022090504	0.3500	0.2200	0.3000	0.6500
2022090505	0.3500	0.2200	0.3000	0.6500
2022090506	0.3600	0.2200	0.3000	0.6500
2022090507	0.3600	0.2300	0.3000	0.6500
2022090508	0.3700	0.2300	0.3000	0.6500
2022090509	0.3800	0.2300	0.3000	0.6400
2022090510	0.3800	0.2400	0.3000	0.6400
2022090511	0.3800	0.2300	0.3000	0.6400
2022090512	0.3800	0.2400	0.3000	0.6300
2022090513	0.3900	0.2400	0.3000	0.6300
2022090514	0.3900	0.2400	0.3000	0.6300
2022090515	0.4000	0.2400	0.3000	0.6300
2022090516	0.4000	0.2400	0.3000	0.6200
2022090517	0.4000	0.2400	0.3000	0.6200
2022090518	0.4000	0.2400	0.3000	0.6200
2022090519	0.4000	0.2400	0.3000	0.6200
2022090520	0.4000	0.2400	0.3000	0.6100
2022090521	0.4000	0.2400	0.3000	0.6100
2022090522	0.4100	0.2400	0.3000	0.6100
2022090523	0.4100	0.2500	0.3000	0.6100
2022090600	0.4100	0.2500	0.3000	0.6100
2022090601	0.4100	0.2500	0.3000	0.6100
2022090602	0.4200	0.2500	0.3100	0.6100
2022090603	0.4200	0.2500	0.3100	0.6100
2022090604	0.4300	0.2500	0.3100	0.6100
2022090605	0.4300	0.2500	0.3100	0.6100
2022090606	0.4300	0.2600	0.3100	0.6000
2022090607	0.4400	0.2600	0.3100	0.6000
2022090608	0.4400	0.2600	0.3100	0.6000
2022090609	0.4500	0.2600	0.3100	0.6000
2022090610	0.4600	0.2700	0.3100	0.6000
2022090611	0.4600	0.2700	0.3100	0.5900
2022090612	0.4600	0.2700	0.3100	0.5900
2022090613	0.4700	0.2700	0.3100	0.5900
2022090614	0.4800	0.2700	0.3200	0.5900
2022090615	0.4900	0.2800	0.3200	0.5800
2022090616	0.4900	0.2800	0.3200	0.5800
2022090617	0.4900	0.2800	0.3200	0.5800
2022090618	0.4900	0.2800	0.3200	0.5800
2022090619	0.4800	0.2800	0.3200	0.5800
2022090620	0.4800	0.2700	0.3100	0.5800
2022090621	0.4800	0.2700	0.3100	0.5800
2022090622	0.4800	0.2700	0.3100	0.5800
2022090623	0.4800	0.2700	0.3100	0.5800
2022090700	0.4800	0.2700	0.3100	0.5800
2022090701	0.4700	0.2700	0.3100	0.5700
2022090702	0.4700	0.2700	0.3100	0.5700
2022090703	0.4700	0.2700	0.3100	0.5700
2022090704	0.4700	0.2700	0.3100	0.5700
2022090705	0.4700	0.2700	0.3100	0.5700
2022090706	0.4700	0.2700	0.3100	0.5700
2022090707	0.4700	0.2700	0.3100	0.5600
2022090708	0.4700	0.2700	0.3100	0.5600
2022090709	0.4800	0.2700	0.3100	0.5600
2022090710	0.4800	0.2700	0.3100	0.5600
2022090711	0.4900	0.2700	0.3100	0.5600
2022090712	0.4800	0.2700	0.3100	0.5500
2022090713	0.4800	0.2700	0.3100	0.5500
2022090714	0.4800	0.2700	0.3000	0.5500
2022090715	0.4800	0.2700	0.3000	0.5500
2022090716	0.4800	0.2700	0.3000	0.5400
2022090717	0.4700	0.2700	0.3000	0.5400
2022090718	0.4700	0.2600	0.3000	0.5400
2022090719	0.4600	0.2600	0.3000	0.5400
2022090720	0.4500	0.2600	0.2900	0.5400
2022090721	0.4500	0.2500	0.2900	0.5400
2022090722	0.4500	0.2500	0.2900	0.5400
2022090723	0.4400	0.2500	0.2900	0.5400
2022090800	0.4400	0.2500	0.2900	0.5400
2022090801	0.4400	0.2500	0.2900	0.5400
2022090802	0.4400	0.2500	0.2900	0.5400
2022090803	0.4400	0.2500	0.2900	0.5400
2022090804	0.4400	0.2500	0.2900	0.5400
2022090805	0.4400	0.2500	0.2900	0.5300
2022090806	0.4300	0.2500	0.2800	0.5300
2022090807	0.4300	0.2400	0.2800	0.5300
2022090808	0.4200	0.2400	0.2800	0.5300
2022090809	0.4200	0.2400	0.2800	0.5300
2022090810	0.4200	0.2400	0.2800	0.5300
2022090811	0.4200	0.2400	0.2800	0.5200
2022090812	0.4200	0.2400	0.2800	0.5200
2022090813	0.4200	0.2400	0.2800	0.5200
2022090814	0.4100	0.2400	0.2800	0.5200
2022090815	0.4100	0.2400	0.2700	0.5100
2022090816	0.4100	0.2400	0.2700	0.5100
2022090817	0.4100	0.2300	0.2700	0.5100
2022090818	0.4000	0.2300	0.2700	0.5100
2022090819	0.4000	0.2300	0.2700	0.5100
2022090820	0.3900	0.2300	0.2700	0.5100
2022090821	0.3800	0.2200	0.2600	0.5100
2022090822	0.3800	0.2200	0.2600	0.5100
2022090823	0.3800	0.2200	0.2600	0.5100
2022090900	0.3800	0.2200	0.2600	0.5100
2022090901	0.3800	0.2200	0.2600	0.5100
2022090902	0.3800	0.2200	0.2600	0.5100
2022090903	0.4000	0.2300	0.2700	0.5100
2022090904	0.4000	0.2300	0.2700	0.5000
2022090905	0.4200	0.2400	0.2700	0.5000
2022090906	0.4100	0.2400	0.2700	0.5000
2022090907	0.3900	0.2300	0.2600	0.5000
2022090908	0.4000	0.2300	0.2700	0.5000
2022090909	0.4000	0.2300	0.2700	0.5000
2022090910	0.3900	0.2200	0.2600	0.4900
2022090911	0.3800	0.2200	0.2600	0.4900
2022090912	0.3900	0.2200	0.2600	0.4900
2022090913	0.3900	0.2200	0.2600	0.4900
2022090914	0.3800	0.2200	0.2600	0.4900
2022090915	0.3800	0.2200	0.2600	0.4800
2022090916	0.3900	0.2200	0.2600	0.4800
2022090917	0.3700	0.2100	0.2500	0.4800
2022090918	0.3600	0.2100	0.2500	0.4800
2022090919	0.3500	0.2100	0.2500	0.4800
2022090920	0.3500	0.2000	0.2500	0.4800
2022090921	0.3500	0.2000	0.2400	0.4800
2022090922	0.3400	0.2000	0.2400	0.4700
2022090923	0.3400	0.2000	0.2400	0.4700
2022091000	0.3400	0.2000	0.2400	0.4700
2022091001	0.3300	0.2000	0.2400	0.4700
2022091002	0.3300	0.2000	0.2400	0.4700
2022091003	0.3300	0.2000	0.2400	0.4700
2022091004	0.3400	0.2000	0.2400	0.4700
2022091005	0.3500	0.2000	0.2400	0.4700
2022091006	0.3500	0.2100	0.2400	0.4700
2022091007	0.3500	0.2100	0.2400	0.4700
2022091008	0.3500	0.2100	0.2400	0.4600
2022091009	0.3600	0.2100	0.2400	0.4600
2022091010	0.3700	0.2100	0.2500	0.4600
2022091011	0.4000	0.2300	0.2500	0.4600
2022091012	0.4100	0.2300	0.2600	0.4600
2022091013	0.4100	0.2300	0.2600	0.4600
2022091014	0.4300	0.2400	0.2600	0.4600
2022091015	0.4400	0.2400	0.2700	0.4500
2022091016	0.4300	0.2400	0.2600	0.4500
2022091017	0.4400	0.2400	0.2600	0.4500
2022091018	0.4600	0.2600	0.2700	0.4500
2022091019	0.4500	0.2500	0.2700	0.4500
2022091020	0.4500	0.2500	0.2700	0.4500
2022091021	0.4500	0.2500	0.2700	0.4500
2022091022	0.4600	0.2500	0.2700	0.4500
2022091023	0.4700	0.2600	0.2700	0.4400
2022091100	0.4600	0.2500	0.2700	0.4400
2022091101	0.4700	0.2600	0.2700	0.4400
2022091102	0.4700	0.2500	0.2700	0.4400
2022091103	0.4700	0.2600	0.2700	0.4400
2022091104	0.4800	0.2600	0.2700	0.4400
2022091105	0.4800	0.2600	0.2700	0.4400
2022091106	0.4700	0.2600	0.2700	0.4400
2022091107	0.4800	0.2600	0.2700	0.4400
2022091108	0.4800	0.2600	0.2700	0.4400
2022091109	0.4900	0.2700	0.2800	0.4400
2022091110	0.4900	0.2700	0.2800	0.4400
2022091111	0.4900	0.2700	0.2800	0.4400
2022091112	0.4800	0.2600	0.2700	0.4400
2022091113	0.4900	0.2600	0.2700	0.4400
2022091114	0.4800	0.2600	0.2700	0.4400
2022091115	0.4800	0.2600	0.2700	0.4400
2022091116	0.4800	0.2600	0.2700	0.4400
2022091117	0.4800	0.2600	0.2700	0.4300
2022091118	0.4800	0.2600	0.2700	0.4300
2022091119	0.4700	0.2600	0.2700	0.4300
2022091120	0.4700	0.2600	0.2700	0.4300
2022091121	0.4700	0.2600	0.2700	0.4300
2022091122	0.4700	0.2500	0.2600	0.4300
2022091123	0.4600	0.2500	0.2600	0.4300
2022091200	0.4600	0.2500	0.2600	0.4300
2022091201	0.4600	0.2500	0.2600	0.4300
2022091202	0.4600	0.2500	0.2600	0.4300
2022091203	0.4600	0.2500	0.2600	0.4300
2022091204	0.4500	0.2500	0.2600	0.4200
2022091205	0.4500	0.2500	0.2600	0.4200
2022091206	0.4500	0.2400	0.2600	0.4200
2022091207	0.4400	0.2400	0.2600	0.4200
2022091208	0.4400	0.2400	0.2500	0.4200
2022091209	0.4400	0.2400	0.2500	0.4200
2022091210	0.4400	0.2400	0.2500	0.4200
2022091211	0.4400	0.2400	0.2500	0.4200
2022091212	0.4400	0.2400	0.2600	0.4300
2022091213	0.4400	0.2400	0.2600	0.4400
2022091214	0.4500	0.2500	0.2700	0.4600
2022091215	0.4600	0.2500	0.2800	0.4800
2022091216	0.4700	0.2600	0.2900	0.5100
2022091217	0.4700	0.2700	0.3000	0.5400
2022091218	0.5100	0.2900	0.3400	0.6400
2022091219	0.6300	0.3800	0.4800	0.9900
2022091220	1.1700	0.7800	1.1200	2.5900
2022091221	1.8400	1.2700	1.9100	4.5800
2022091222	2.1500	1.4900	2.2600	5.4800
2022091223	2.2600	1.5800	2.4000	5.8200
2022091300	2.2900	1.6000	2.4300	5.9000
2022091301	2.2300	1.5600	2.3700	5.7400
2022091302	2.1500	1.4900	2.2700	5.4900
2022091303	2.0700	1.4400	2.1700	5.2500
2022091304	2.0200	1.4000	2.1100	5.0800
2022091305	1.9800	1.3700	2.0600	4.9700
2022091306	1.9700	1.3600	2.0400	4.9100
2022091307	1.9600	1.3500	2.0400	4.8900
2022091308	1.9700	1.3600	2.0400	4.9000
2022091309	1.9800	1.3600	2.0400	4.9000
2022091310	1.9800	1.3600	2.0400	4.8900
2022091311	1.9700	1.3500	2.0200	4.8200
2022091312	1.9500	1.3300	1.9900	4.7400
2022091313	1.9300	1.3200	1.9600	4.6700
2022091314	1.9100	1.3000	1.9200	4.5700
2022091315	1.8700	1.2700	1.8800	4.4500
2022091316	1.8100	1.2300	1.8200	4.3200
2022091317	1.7600	1.2000	1.7700	4.1900
2022091318	1.7300	1.1700	1.7200	4.0800
2022091319	1.7000	1.1500	1.6800	3.9600
2022091320	1.6700	1.1200	1.6400	3.8500
2022091321	1.6300	1.1000	1.6000	3.7600
2022091322	1.5800	1.0700	1.5600	3.6700
2022091323	1.5500	1.0500	1.5300	3.5900
2022091400	1.5400	1.0300	1.5000	3.5000
2022091401	1.5400	1.0200	1.4700	3.4200
2022091402	1.5100	1.0000	1.4400	3.3400
2022091403	1.4900	0.9900	1.4100	3.2700
2022091404	1.4400	0.9600	1.3800	3.2100
2022091405	1.4200	0.9400	1.3500	3.1500
2022091406	1.4000	0.9300	1.3400	3.1100
2022091407	1.3900	0.9200	1.3200	3.0600
2022091408	1.3700	0.9100	1.3000	3.0200
2022091409	1.3600	0.9000	1.2900	2.9800
2022091410	1.3400	0.8900	1.2700	2.9300
2022091411	1.3300	0.8800	1.2500	2.8900
2022091412	1.3300	0.8700	1.2400	2.8500
2022091413	1.3200	0.8600	1.2300	2.8200
2022091414	1.3000	0.8500	1.2100	2.7800
2022091415	1.2800	0.8400	1.1900	2.7400
2022091416	1.2700	0.8300	1.1800	2.7100
2022091417	1.2600	0.8300	1.1700	2.6800
2022091418	1.2600	0.8200	1.1600	2.6500
2022091419	1.2500	0.8100	1.1500	2.6100
2022091420	1.2300	0.8100	1.1300	2.5800
2022091421	1.2200	0.8000	1.1200	2.5500
2022091422	1.2200	0.7900	1.1100	2.5200
2022091423	1.2100	0.7900	1.1000	2.5100
2022091500	1.2000	0.7800	1.1000	2.4900
2022091501	1.2000	0.7800	1.0900	2.4700
2022091502	1.1900	0.7700	1.0800	2.4500
2022091503	1.1800	0.7700	1.0700	2.4300
2022091504	1.1800	0.7600	1.0600	2.4100
2022091505	1.1700	0.7600	1.0500	2.3900
2022091506	1.1600	0.7500	1.0500	2.3700
2022091507	1.1500	0.7500	1.0400	2.3500
2022091508	1.1500	0.7400	1.0300	2.3300
2022091509	1.1400	0.7400	1.0200	2.3100
2022091510	1.1300	0.7300	1.0200	2.2900
2022091511	1.1300	0.7300	1.0100	2.2800
2022091512	1.1300	0.7300	1.0100	2.2600
2022091513	1.1200	0.7200	1.0000	2.2500
2022091514	1.1100	0.7200	0.9900	2.2300
2022091515	1.1000	0.7100	0.9900	2.2200
2022091516	1.0900	0.7100	0.9800	2.2000
2022091517	1.0900	0.7000	0.9700	2.1900
2022091518	1.0800	0.7000	0.9600	2.1700
2022091519	1.0700	0.6900	0.9500	2.1400
2022091520	1.0500	0.6800	0.9400	2.1200
2022091521	1.0400	0.6700	0.9300	2.1000
2022091522	1.0300	0.6700	0.9200	2.0800
2022091523	1.0200	0.6600	0.9100	2.0500
2022091600	1.0100	0.6500	0.9000	2.0300
2022091601	1.0100	0.6500	0.9000	2.0100
2022091602	1.0000	0.6400	0.8900	2.0000
2022091603	0.9900	0.6400	0.8800	1.9800
2022091604	0.9800	0.6300	0.8800	1.9700
2022091605	0.9800	0.6300	0.8700	1.9600
2022091606	0.9700	0.6200	0.8600	1.9400
2022091607	0.9600	0.6200	0.8600	1.9200
2022091608	0.9500	0.6100	0.8500	1.9100
2022091609	0.9500	0.6100	0.8400	1.8900
2022091610	0.9400	0.6000	0.8300	1.8800
2022091611	0.9300	0.6000	0.8300	1.8600
2022091612	0.9200	0.5900	0.8200	1.8400
2022091613	0.9000	0.5800	0.8100	1.8200
2022091614	0.8900	0.5800	0.8000	1.8100
2022091615	0.8800	0.5700	0.7900	1.7900
2022091616	0.8800	0.5700	0.7900	1.7800
2022091617	0.8800	0.5700	0.7800	1.7700
2022091618	0.8800	0.5600	0.7800	1.7500
2022091619	0.8700	0.5600	0.7700	1.7400
2022091620	0.8600	0.5600	0.7700	1.7200
2022091621	0.8500	0.5500	0.7600	1.7000
2022091622	0.8500	0.5400	0.7500	1.6800
2022091623	0.8400	0.5400	0.7400	1.6600
2022091700	0.8300	0.5300	0.7300	1.6400
2022091701	0.8200	0.5300	0.7300	1.6300
2022091702	0.8300	0.5300	0.7200	1.6100
2022091703	0.8200	0.5300	0.7200	1.6000
2022091704	0.8100	0.5200	0.7100	1.5900
2022091705	0.8100	0.5200	0.7100	1.5700
2022091706	0.8100	0.5100	0.7000	1.5600
2022091707	0.7900	0.5000	0.6900	1.5400
2022091708	0.7800	0.5000	0.6900	1.5300
2022091709	0.7700	0.4900	0.6800	1.5200
2022091710	0.7700	0.4900	0.6800	1.5100
2022091711	0.7600	0.4900	0.6700	1.4900
2022091712	0.7600	0.4800	0.6600	1.4800
2022091713	0.7500	0.4800	0.6600	1.4800
2022091714	0.7400	0.4700	0.6500	1.4600
2022091715	0.7300	0.4700	0.6500	1.4500
2022091716	0.7200	0.4600	0.6400	1.4400
2022091717	0.7100	0.4600	0.6300	1.4200
2022091718	0.7000	0.4500	0.6200	1.4000
2022091719	0.7000	0.4500	0.6200	1.3900
2022091720	0.6900	0.4400	0.6100	1.3700
2022091721	0.6900	0.4400	0.6000	1.3500
2022091722	0.6800	0.4400	0.6000	1.3400
2022091723	0.6800	0.4300	0.5900	1.3200
2022091800	0.6700	0.4300	0.5900	1.3100
2022091801	0.6600	0.4200	0.5800	1.2900
2022091802	0.6500	0.4200	0.5700	1.2800
2022091803	0.6500	0.4200	0.5700	1.2800
2022091804	0.6500	0.4200	0.5800	1.3000
2022091805	0.6500	0.4200	0.5800	1.3000
2022091806	0.6400	0.4100	0.5700	1.2900
2022091807	0.6400	0.4100	0.5700	1.2800
2022091808	0.6300	0.4000	0.5600	1.2600
2022091809	0.6200	0.4000	0.5500	1.2500
2022091810	0.6100	0.4000	0.5500	1.2300
2022091811	0.6100	0.3900	0.5400	1.2200
2022091812	0.6100	0.3900	0.5400	1.2200
2022091813	0.6000	0.3900	0.5300	1.2000
2022091814	0.6000	0.3900	0.5300	1.2000
2022091815	0.6000	0.3800	0.5300	1.1800
2022091816	0.5900	0.3800	0.5200	1.1700
2022091817	0.5900	0.3800	0.5200	1.1600
2022091818	0.5800	0.3700	0.5100	1.1500
2022091819	0.5700	0.3700	0.5100	1.1400
2022091820	0.5600	0.3600	0.5000	1.1200
2022091821	0.5600	0.3600	0.5000	1.1200
2022091822	0.5600	0.3600	0.4900	1.1000
2022091823	0.5500	0.3500	0.4900	1.0900
2022091900	0.5500	0.3500	0.4800	1.0800
2022091901	0.5400	0.3500	0.4800	1.0700
2022091902	0.5300	0.3400	0.4700	1.0600
2022091903	0.5300	0.3400	0.4700	1.0500
2022091904	0.5300	0.3400	0.4700	1.0400
2022091905	0.5200	0.3400	0.4600	1.0400
2022091906	0.5200	0.3300	0.4600	1.0300
2022091907	0.5100	0.3300	0.4600	1.0300
2022091908	0.5100	0.3300	0.4600	1.0300
2022091909	0.5100	0.3300	0.4500	1.0200
2022091910	0.5100	0.3300	0.4500	1.0200
2022091911	0.5200	0.3300	0.4500	1.0100
2022091912	0.5100	0.3300	0.4500	1.0100
2022091913	0.5100	0.3300	0.4500	1.0000
2022091914	0.5200	0.3300	0.4500	1.0000
2022091915	0.5100	0.3300	0.4500	1.0000
2022091916	0.5100	0.3300	0.4500	1.0000
2022091917	0.5000	0.3200	0.4400	0.9900
2022091918	0.4900	0.3200	0.4400	0.9900
2022091919	0.4900	0.3100	0.4400	0.9800
2022091920	0.4900	0.3100	0.4400	0.9800
2022091921	0.4800	0.3100	0.4300	0.9800
2022091922	0.4800	0.3100	0.4300	0.9700
2022091923	0.4800	0.3100	0.4300	0.9700
2022092000	0.4800	0.3100	0.4300	0.9600
2022092001	0.4800	0.3100	0.4300	0.9600
2022092002	0.4700	0.3100	0.4200	0.9600
2022092003	0.4700	0.3000	0.4200	0.9500
2022092004	0.4700	0.3000	0.4200	0.9500
2022092005	0.4700	0.3000	0.4200	0.9500
2022092006	0.4700	0.3000	0.4200	0.9400
2022092007	0.4600	0.3000	0.4200	0.9400
2022092008	0.4600	0.3000	0.4100	0.9300
2022092009	0.4600	0.3000	0.4100	0.9300
2022092010	0.4600	0.3000	0.4100	0.9300
2022092011	0.4500	0.2900	0.4100	0.9200
2022092012	0.4500	0.2900	0.4100	0.9200
2022092013	0.4400	0.2900	0.4000	0.9200
2022092014	0.4400	0.2900	0.4000	0.9100
2022092015	0.4400	0.2900	0.4000	0.9100
2022092016	0.4400	0.2800	0.4000	0.9100
2022092017	0.4400	0.2800	0.4000	0.9100
2022092018	0.4400	0.2800	0.4000	0.9000
2022092019	0.4300	0.2800	0.4000	0.9000
2022092020	0.4300	0.2800	0.4000	0.9000
2022092021	0.4300	0.2800	0.3900	0.9000
2022092022	0.4300	0.2800	0.3900	0.8900
2022092023	0.4300	0.2800	0.3900	0.8900
2022092100	0.4300	0.2800	0.3900	0.8900
2022092101	0.4300	0.2800	0.3900	0.8800
2022092102	0.4300	0.2800	0.3900	0.8800
2022092103	0.4200	0.2800	0.3900	0.8800
2022092104	0.4200	0.2800	0.3900	0.8800
2022092105	0.4200	0.2700	0.3800	0.8700
2022092106	0.4200	0.2700	0.3800	0.8700
2022092107	0.4200	0.2700	0.3800	0.8700
2022092108	0.4200	0.2700	0.3800	0.8600
2022092109	0.4200	0.2700	0.3800	0.8600
2022092110	0.4100	0.2700	0.3800	0.8600
2022092111	0.4100	0.2700	0.3800	0.8500
2022092112	0.4100	0.2700	0.3700	0.8500
2022092113	0.4100	0.2700	0.3700	0.8500
2022092114	0.4100	0.2700	0.3700	0.8400
2022092115	0.4100	0.2600	0.3700	0.8400
2022092116	0.4000	0.2600	0.3700	0.8400
2022092117	0.4000	0.2600	0.3700	0.8300
2022092118	0.4000	0.2600	0.3700	0.8300
2022092119	0.4000	0.2600	0.3700	0.8300
2022092120	0.4000	0.2600	0.3700	0.8300
2022092121	0.4000	0.2600	0.3600	0.8300
2022092122	0.4000	0.2600	0.3600	0.8300
2022092123	0.4000	0.2600	0.3600	0.8200
2022092200	0.4000	0.2600	0.3600	0.8200
2022092201	0.4000	0.2600	0.3600	0.8200
2022092202	0.3900	0.2600	0.3600	0.8200
2022092203	0.3900	0.2600	0.3600	0.8200
2022092204	0.3900	0.2500	0.3600	0.8100
2022092205	0.3900	0.2500	0.3600	0.8100
2022092206	0.3900	0.2500	0.3600	0.8100
2022092207	0.3900	0.2500	0.3500	0.8100
2022092208	0.3900	0.2500	0.3500	0.8000
2022092209	0.3900	0.2500	0.3500	0.8000
2022092210	0.3800	0.2500	0.3500	0.8000
2022092211	0.3800	0.2500	0.3500	0.7900
2022092212	0.3800	0.2500	0.3500	0.7900
2022092213	0.3900	0.2500	0.3500	0.7900
2022092214	0.3900	0.2500	0.3500	0.7900
2022092215	0.3800	0.2500	0.3500	0.7900
2022092216	0.3800	0.2500	0.3500	0.7900
2022092217	0.3800	0.2500	0.3500	0.7900
2022092218	0.3800	0.2500	0.3400	0.7900
2022092219	0.3800	0.2500	0.3400	0.7900
2022092220	0.3800	0.2400	0.3400	0.7800
2022092221	0.3800	0.2400	0.3400	0.7800
2022092222	0.3800	0.2400	0.3400	0.7800
2022092223	0.3800	0.2500	0.3400	0.7900
2022092300	0.3800	0.2500	0.3500	0.7900
2022092301	0.3800	0.2500	0.3500	0.7900
2022092302	0.3800	0.2500	0.3500	0.7900
2022092303	0.3800	0.2500	0.3500	0.7900
2022092304	0.3700	0.2500	0.3500	0.8000
2022092305	0.3700	0.2400	0.3500	0.8100
2022092306	0.3700	0.2500	0.3500	0.8100
2022092307	0.3700	0.2500	0.3500	0.8100
2022092308	0.3800	0.2500	0.3600	0.8200
2022092309	0.3800	0.2500	0.3600	0.8400
2022092310	0.3900	0.2600	0.3700	0.8500
2022092311	0.3900	0.2600	0.3700	0.8600
2022092312	0.3900	0.2600	0.3800	0.8800
2022092313	0.4000	0.2600	0.3800	0.8900
2022092314	0.4000	0.2700	0.3800	0.8900
2022092315	0.4000	0.2700	0.3900	0.9000
2022092316	0.4000	0.2700	0.3900	0.9000
2022092317	0.4000	0.2700	0.3900	0.9100
2022092318	0.4000	0.2700	0.3900	0.9100
2022092319	0.4000	0.2700	0.3900	0.9200
2022092320	0.4000	0.2700	0.3900	0.9200
2022092321	0.4100	0.2700	0.4000	0.9200
2022092322	0.4100	0.2700	0.4000	0.9300
2022092323	0.4100	0.2700	0.4000	0.9300
2022092400	0.4100	0.2700	0.4000	0.9300
2022092401	0.4100	0.2700	0.4000	0.9300
2022092402	0.4100	0.2700	0.4000	0.9300
2022092403	0.4100	0.2700	0.4000	0.9300
2022092404	0.4100	0.2700	0.4000	0.9300
2022092405	0.4000	0.2700	0.4000	0.9300
2022092406	0.4000	0.2700	0.4000	0.9300
2022092407	0.4000	0.2700	0.4000	0.9300
2022092408	0.4000	0.2700	0.4000	0.9300
2022092409	0.4100	0.2700	0.4000	0.9300
2022092410	0.4100	0.2700	0.4000	0.9300
2022092411	0.4100	0.2700	0.3900	0.9200
2022092412	0.4100	0.2700	0.3900	0.9200
2022092413	0.4100	0.2700	0.3900	0.9200
2022092414	0.4100	0.2700	0.3900	0.9200
2022092415	0.4100	0.2700	0.3900	0.9200
2022092416	0.4100	0.2700	0.3900	0.9200
2022092417	0.4100	0.2700	0.4000	0.9300
2022092418	0.4100	0.2700	0.4000	0.9300
2022092419	0.4100	0.2800	0.4000	0.9300
2022092420	0.4100	0.2800	0.4000	0.9300
2022092421	0.4100	0.2800	0.4000	0.9300
2022092422	0.4200	0.2800	0.4000	0.9300
2022092423	0.4300	0.2800	0.4000	0.9300
2022092500	0.4400	0.2900	0.4100	0.9300
2022092501	0.4600	0.3000	0.4100	0.9400
2022092502	0.4600	0.3000	0.4200	0.9400
2022092503	0.4700	0.3000	0.4200	0.9400
2022092504	0.5000	0.3100	0.4200	0.9300
2022092505	0.5300	0.3300	0.4400	0.9300
2022092506	0.6100	0.3600	0.4600	0.9300
2022092507	0.7000	0.4100	0.4800	0.9300
2022092508	0.8200	0.4600	0.5200	0.9300
2022092509	1.0000	0.5400	0.5700	0.9300
2022092510	1.2800	0.6700	0.6500	0.9300
2022092511	1.6100	0.8200	0.7500	0.9300
2022092512	2.0000	1.0000	0.8600	0.9200
2022092513	2.3700	1.1700	0.9700	0.9200
2022092514	2.7200	1.3300	1.0700	0.9200
2022092515	3.0800	1.5000	1.1800	0.9200
2022092516	3.3600	1.6300	1.2600	0.9100
2022092517	3.6100	1.7400	1.3400	0.9100
2022092518	3.8000	1.8300	1.3900	0.9100
2022092519	3.8900	1.8700	1.4200	0.9200
2022092520	4.0000	1.9200	1.4500	0.9300
2022092521	4.0500	1.9400	1.4700	0.9400
2022092522	4.0600	1.9500	1.4800	0.9500
2022092523	4.0100	1.9300	1.4700	0.9600
2022092600	3.9200	1.8900	1.4500	0.9900
2022092601	3.8900	1.8800	1.4500	1.0200
2022092602	3.7900	1.8400	1.4400	1.0700
2022092603	3.7100	1.8100	1.4400	1.1700
2022092604	3.6500	1.7900	1.4500	1.2600
2022092605	3.5600	1.7600	1.4500	1.3400
2022092606	3.5000	1.7400	1.4600	1.4300
2022092607	3.4500	1.7200	1.4800	1.5600
2022092608	3.4000	1.7200	1.5200	1.7500
2022092609	3.4000	1.7500	1.6200	2.0800
2022092610	3.4700	1.8300	1.7900	2.5900
2022092611	3.5800	1.9400	2.0100	3.2100
2022092612	3.6200	1.9900	2.1400	3.6000
2022092613	3.5500	1.9700	2.1500	3.7000
2022092614	3.4700	1.9300	2.1200	3.6700
2022092615	3.3700	1.8800	2.0700	3.6000
2022092616	3.2700	1.8300	2.0100	3.5200
2022092617	3.1400	1.7600	1.9500	3.4400
2022092618	3.0800	1.7300	1.9200	3.3900
2022092619	3.0100	1.6900	1.8800	3.3500
2022092620	2.9900	1.6800	1.8800	3.3500
2022092621	2.9800	1.6900	1.9000	3.4200
2022092622	3.0100	1.7100	1.9600	3.6200
2022092623	3.0300	1.7500	2.0300	3.8300
2022092700	3.0800	1.7800	2.0800	3.9400
2022092701	3.0900	1.7900	2.0900	3.9700
2022092702	3.0900	1.7900	2.0900	3.9600
2022092703	3.1100	1.7900	2.0800	3.9200
2022092704	3.1500	1.8000	2.0700	3.8500
2022092705	3.2400	1.8400	2.0800	3.7800
2022092706	3.3500	1.8800	2.0900	3.7000
2022092707	3.4900	1.9400	2.1100	3.6300
2022092708	3.6500	2.0000	2.1400	3.5700
2022092709	3.8200	2.0800	2.1700	3.5000
2022092710	3.9600	2.1400	2.1900	3.4500
2022092711	4.0400	2.1700	2.2000	3.4100
2022092712	4.0900	2.1900	2.2200	3.4000
2022092713	4.1600	2.2200	2.2400	3.4100
2022092714	4.2200	2.2600	2.2800	3.4800
2022092715	4.2900	2.3000	2.3400	3.6200
2022092716	4.4200	2.3900	2.4800	3.9600
2022092717	4.6400	2.5600	2.7500	4.6600
2022092718	5.0000	2.8400	3.2100	5.8400
2022092719	5.3900	3.1400	3.7300	7.1800
2022092720	5.7100	3.3900	4.1700	8.3500
2022092721	6.0200	3.6400	4.5900	9.4700
2022092722	6.3400	3.8900	5.0300	10.6300
2022092723	6.5500	4.0600	5.3300	11.4100
2022092800	6.6100	4.1300	5.4600	11.8000
2022092801	6.6000	4.1400	5.5200	12.0000
2022092802	6.5500	4.1300	5.5300	12.1100
2022092803	6.4900	4.1000	5.5200	12.1300
2022092804	6.4200	4.0700	5.4900	12.1000
2022092805	6.3400	4.0300	5.4600	12.0600
2022092806	6.2800	4.0000	5.4400	12.0800
2022092807	6.2500	3.9900	5.4500	12.1400
2022092808	6.2100	3.9800	5.4700	12.2200
2022092809	6.1600	3.9600	5.4600	12.2400
2022092810	6.1100	3.9300	5.4400	12.2200
2022092811	6.0200	3.8900	5.3900	12.1600
2022092812	5.9200	3.8300	5.3100	11.9800
2022092813	5.8000	3.7500	5.2100	11.7700
2022092814	5.6700	3.6700	5.1000	11.5300
2022092815	5.5500	3.5900	5.0000	11.3100
2022092816	5.4400	3.5200	4.9000	11.0800
2022092817	5.3200	3.4500	4.8000	10.8600
2022092818	5.2000	3.3700	4.7000	10.6400
2022092819	5.1000	3.3100	4.6100	10.4400
2022092820	5.0000	3.2400	4.5200	10.2500
2022092821	4.9100	3.1800	4.4400	10.0600
2022092822	4.8100	3.1200	4.3500	9.8700
2022092823	4.7200	3.0600	4.2800	9.6900
2022092900	4.6300	3.0100	4.2000	9.5300
2022092901	4.5400	2.9500	4.1200	9.3600
2022092902	4.4700	2.9000	4.0600	9.2000
2022092903	4.4000	2.8600	4.0000	9.0700
2022092904	4.3300	2.8100	3.9300	8.9200
2022092905	4.2600	2.7700	3.8700	8.7900
2022092906	4.1900	2.7200	3.8100	8.6500
2022092907	4.1200	2.6800	3.7500	8.5300
2022092908	4.0600	2.6400	3.7000	8.4100
2022092909	4.0000	2.6000	3.6400	8.2700
2022092910	3.9300	2.5600	3.5800	8.1500
2022092911	3.8700	2.5200	3.5400	8.0500
2022092912	3.8100	2.4800	3.4800	7.9300
2022092913	3.7500	2.4500	3.4300	7.8200
2022092914	3.6900	2.4100	3.3800	7.7000
2022092915	3.6400	2.3700	3.3300	7.5900
2022092916	3.5900	2.3400	3.2900	7.4900
2022092917	3.5400	2.3100	3.2500	7.4000
2022092918	3.5000	2.2800	3.2100	7.3100
2022092919	3.4500	2.2500	3.1700	7.2200
2022092920	3.4000	2.2200	3.1200	7.1300
2022092921	3.3600	2.2000	3.0900	7.0500
2022092922	3.3300	2.1700	3.0500	6.9600
2022092923	3.2800	2.1400	3.0100	6.8700
2022093000	3.2400	2.1200	2.9800	6.7900
2022093001	3.2100	2.0900	2.9500	6.7200
2022093002	3.1800	2.0700	2.9200	6.6500
2022093003	3.1400	2.0500	2.8800	6.5800
2022093004	3.1000	2.0200	2.8500	6.5000
2022093005	3.0800	2.0100	2.8200	6.4400
2022093006	3.0400	1.9800	2.7900	6.3700
2022093007	3.0100	1.9600	2.7600	6.3100
2022093008	2.9800	1.9500	2.7400	6.2400
2022093009	2.9500	1.9200	2.7100	6.1700
2022093010	2.9200	1.9100	2.6800	6.1100
2022093011	2.8900	1.8800	2.6500	6.0400
2022093012	2.8600	1.8700	2.6200	5.9700
2022093013	2.8400	1.8500	2.6000	5.9200
2022093014	2.8200	1.8400	2.5800	5.8800
2022093015	2.7900	1.8200	2.5600	5.8300
2022093016	2.7800	1.8100	2.5500	5.8000
2022093017	2.7700	1.8000	2.5300	5.7600
2022093018	2.7500	1.7900	2.5100	5.7200
2022093019	2.7500	1.7900	2.5100	5.7100
2022093020	2.7400	1.7900	2.5000	5.6900
2022093021	2.7400	1.7800	2.4900	5.6600
2022093022	2.7400	1.7800	2.4900	5.6400
2022093023	2.7300	1.7700	2.4800	5.6300
2022100100	2.7300	1.7700	2.4800	5.6200
2022100101	2.7300	1.7700	2.4700	5.6100
2022100102	2.7400	1.7800	2.4800	5.6300
2022100103	2.7800	1.8100	2.5300	5.7400
2022100104	2.8700	1.8700	2.6300	5.9900
2022100105	3.0700	2.0200	2.8600	6.5600
2022100106	3.4700	2.3100	3.3200	7.7300
2022100107	4.1800	2.8200	4.1400	9.7700
2022100108	5.0600	3.4600	5.1600	12.3300
2022100109	5.8800	4.0600	6.1100	14.7100
2022100110	6.4800	4.4900	6.7900	16.3900
2022100111	6.8100	4.7300	7.1500	17.2900
2022100112	6.9700	4.8400	7.3200	17.6900
2022100113	7.0900	4.9200	7.4300	17.9400
2022100114	7.1900	4.9800	7.5200	18.1300
2022100115	7.2500	5.0100	7.5500	18.2000
2022100116	7.2500	5.0000	7.5200	18.0800
2022100117	7.1700	4.9300	7.4000	17.7600
2022100118	7.0500	4.8400	7.2300	17.3100
2022100119	6.9300	4.7400	7.0600	16.8700
2022100120	6.8100	4.6500	6.9000	16.4300
2022100121	6.7300	4.5700	6.7500	16.0300
2022100122	6.6600	4.5000	6.6200	15.6400
2022100123	6.6000	4.4500	6.5000	15.2900
2022100200	6.5500	4.3900	6.3800	14.9400
2022100201	6.5300	4.3500	6.2700	14.6100
2022100202	6.5100	4.3100	6.1800	14.3100
2022100203	6.5400	4.3000	6.1100	14.0400
2022100204	6.5600	4.2900	6.0400	13.7900
2022100205	6.6000	4.2800	5.9800	13.5600
2022100206	6.6100	4.2700	5.9100	13.3300
2022100207	6.6400	4.2600	5.8600	13.1200
2022100208	6.6600	4.2500	5.8100	12.9200
2022100209	6.7000	4.2500	5.7700	12.7500
2022100210	6.7100	4.2400	5.7200	12.5800
2022100211	6.7200	4.2300	5.6800	12.4200
2022100212	6.7600	4.2400	5.6400	12.2500
2022100213	6.7700	4.2300	5.6000	12.1100
2022100214	6.7200	4.1900	5.5400	11.9500
2022100215	6.7100	4.1700	5.4800	11.7900
2022100216	6.7000	4.1500	5.4400	11.6400
2022100217	6.6800	4.1300	5.3800	11.4800
2022100218	6.6300	4.0900	5.3300	11.3400
2022100219	6.5800	4.0600	5.2700	11.2000
2022100220	6.5000	4.0100	5.2100	11.0500
2022100221	6.4500	3.9700	5.1500	10.9100
2022100222	6.3500	3.9100	5.0800	10.7700
2022100223	6.2800	3.8700	5.0200	10.6300
2022100300	6.2100	3.8200	4.9600	10.5000
2022100301	6.1300	3.7700	4.8900	10.3700
2022100302	6.0200	3.7100	4.8200	10.2400
2022100303	5.9900	3.6800	4.7800	10.1200
2022100304	5.9900	3.6700	4.7400	9.9900
2022100305	5.9600	3.6500	4.6900	9.8600
2022100306	5.9200	3.6200	4.6400	9.7500
2022100307	5.8900	3.5900	4.6000	9.6300
2022100308	5.8500	3.5600	4.5500	9.5000
2022100309	5.8300	3.5500	4.5100	9.3900
2022100310	5.8100	3.5200	4.4800	9.2900
2022100311	5.7800	3.5000	4.4400	9.2000
2022100312	5.7400	3.4800	4.4000	9.0900
2022100313	5.7100	3.4500	4.3500	8.9800
2022100314	5.6800	3.4300	4.3200	8.9000
2022100315	5.6500	3.4100	4.2900	8.8100
2022100316	5.6600	3.4000	4.2600	8.7000
2022100317	5.6400	3.3900	4.2200	8.6000
2022100318	5.6500	3.3800	4.2000	8.5100
2022100319	5.6300	3.3600	4.1600	8.4200
2022100320	5.6200	3.3500	4.1300	8.3200
2022100321	5.6200	3.3400	4.1100	8.2300
2022100322	5.6000	3.3200	4.0700	8.1400
2022100323	5.6000	3.3200	4.0500	8.0500
2022100400	5.5800	3.3000	4.0100	7.9600
2022100401	5.6000	3.3000	3.9900	7.8800
2022100402	5.6400	3.3100	3.9800	7.7900
2022100403	5.6800	3.3200	3.9700	7.7100
2022100404	5.6700	3.3100	3.9400	7.6300
2022100405	5.6700	3.3000	3.9200	7.5500
2022100406	5.6700	3.2900	3.9000	7.4800
2022100407	5.6400	3.2700	3.8600	7.4000
2022100408	5.6200	3.2600	3.8400	7.3300
2022100409	5.6200	3.2500	3.8200	7.2600
2022100410	5.6200	3.2400	3.8000	7.2000
2022100411	5.6200	3.2400	3.7800	7.1200
2022100412	5.6100	3.2300	3.7500	7.0500
2022100413	5.6200	3.2300	3.7400	7.0000
2022100414	5.6400	3.2300	3.7300	6.9300
2022100415	5.6600	3.2300	3.7200	6.8800
2022100416	5.6600	3.2300	3.7000	6.8300
2022100417	5.6700	3.2300	3.6800	6.7700
2022100418	5.7000	3.2400	3.6800	6.7300
2022100419	5.7300	3.2500	3.6800	6.6800
2022100420	5.7500	3.2500	3.6700	6.6300
2022100421	5.7800	3.2600	3.6700	6.5900
2022100422	5.8200	3.2800	3.6600	6.5400
2022100423	5.8900	3.3000	3.6700	6.5100
2022100500	5.9400	3.3300	3.6800	6.4700
2022100501	6.0500	3.3700	3.7000	6.4300
2022100502	6.1600	3.4200	3.7200	6.3900
2022100503	6.3100	3.4800	3.7500	6.3400
2022100504	6.4200	3.5300	3.7700	6.3000
2022100505	6.5000	3.5600	3.7800	6.2600
2022100506	6.5900	3.6000	3.8000	6.2400
2022100507	6.6600	3.6400	3.8300	6.2700
2022100508	6.7600	3.6900	3.8700	6.3200
2022100509	6.8200	3.7100	3.8900	6.3200
2022100510	6.9100	3.7600	3.9200	6.3400
2022100511	7.0000	3.8000	3.9600	6.3900
2022100512	7.1300	3.8700	4.0200	6.4300
2022100513	7.3400	3.9700	4.1000	6.5000
2022100514	7.6800	4.1300	4.2200	6.5800
2022100515	8.3000	4.4300	4.4300	6.6800
2022100516	9.4300	4.9500	4.8000	6.7900
2022100517	11.4700	5.9000	5.4500	6.9500
2022100518	14.8500	7.4800	6.5200	7.2100
2022100519	19.6900	9.7400	8.0700	7.6200
2022100520	24.5300	11.9900	9.6100	8.0000
2022100521	27.8100	13.5200	10.6600	8.3100
2022100522	29.8000	14.4600	11.3100	8.5000
2022100523	30.3300	14.7100	11.5100	8.6500
2022100600	30.1300	14.6300	11.4900	8.7800
2022100601	29.2800	14.2500	11.2600	8.8700
2022100602	28.1400	13.7300	10.9500	8.9300
2022100603	26.9200	13.1800	10.5900	8.9600
2022100604	25.6300	12.5900	10.2200	8.9500
2022100605	23.9000	11.7900	9.7000	8.9200
2022100606	22.3200	11.0600	9.2100	8.8500
2022100607	20.7600	10.3400	8.7300	8.7800
2022100608	19.2900	9.6500	8.2700	8.6900
2022100609	17.9200	9.0200	7.8400	8.6100
2022100610	16.6100	8.4100	7.4300	8.5400
2022100611	15.4500	7.8700	7.0800	8.4900
2022100612	14.3800	7.3800	6.7600	8.4700
2022100613	13.4700	6.9700	6.5000	8.4900
2022100614	12.6500	6.5900	6.2600	8.5000
2022100615	11.9000	6.2500	6.0300	8.4900
2022100616	11.2600	5.9500	5.8400	8.4800
2022100617	10.6800	5.6900	5.6700	8.4800
2022100618	10.1800	5.4500	5.5100	8.4400
2022100619	9.7500	5.2500	5.3800	8.4200
2022100620	9.3300	5.0600	5.2400	8.3800
2022100621	8.9700	4.8900	5.1200	8.3200
2022100622	8.6200	4.7200	5.0000	8.2800
2022100623	8.3300	4.5800	4.9000	8.2200
2022100700	8.0500	4.4500	4.8100	8.1800
2022100701	7.8100	4.3400	4.7200	8.1200
2022100702	7.5800	4.2200	4.6300	8.0500
2022100703	7.3700	4.1300	4.5600	8.0200
2022100704	7.1800	4.0400	4.5000	8.0200
2022100705	7.0000	3.9600	4.4600	8.0500
2022100706	6.8600	3.9000	4.4400	8.1300
2022100707	6.7000	3.8400	4.4200	8.2200
2022100708	6.5900	3.8000	4.4400	8.3800
2022100709	6.5000	3.7700	4.4600	8.5500
2022100710	6.4200	3.7500	4.4900	8.7100
2022100711	6.3400	3.7300	4.5100	8.8700
2022100712	6.3200	3.7500	4.5900	9.1600
2022100713	6.3600	3.8100	4.7300	9.5800
2022100714	6.4700	3.9100	4.9200	10.1300
2022100715	6.5600	3.9900	5.0900	10.6200
2022100716	6.6400	4.0600	5.2300	10.9900
2022100717	6.6800	4.1100	5.3200	11.2700
2022100718	6.7000	4.1400	5.4000	11.5000
2022100719	6.7300	4.1700	5.4600	11.6900
2022100720	6.7300	4.1800	5.5000	11.8200
2022100721	6.7200	4.1900	5.5200	11.8900
2022100722	6.7100	4.1800	5.5200	11.9100
2022100723	6.6600	4.1600	5.5100	11.9200
2022100800	6.6100	4.1300	5.4800	11.8700
2022100801	6.5500	4.1000	5.4400	11.8000
2022100802	6.4700	4.0500	5.3900	11.7000
2022100803	6.4000	4.0100	5.3300	11.5800
2022100804	6.3200	3.9600	5.2700	11.4500
2022100805	6.2300	3.9100	5.2100	11.3300
2022100806	6.1400	3.8500	5.1400	11.1800
2022100807	6.0500	3.8000	5.0700	11.0300
2022100808	5.9700	3.7500	5.0000	10.9000
2022100809	5.9000	3.7100	4.9500	10.7800
2022100810	5.8300	3.6600	4.8900	10.6700
2022100811	5.7500	3.6200	4.8400	10.5700
2022100812	5.6700	3.5700	4.7900	10.4600
2022100813	5.6000	3.5300	4.7300	10.3600
2022100814	5.5500	3.5000	4.6900	10.2700
2022100815	5.4800	3.4600	4.6400	10.1500
2022100816	5.4200	3.4200	4.5900	10.0500
2022100817	5.3900	3.3900	4.5500	9.9700
2022100818	5.3400	3.3600	4.5100	9.8700
2022100819	5.3000	3.3400	4.4800	9.7900
2022100820	5.2700	3.3100	4.4400	9.6900
2022100821	5.2300	3.2900	4.4000	9.5900
2022100822	5.1900	3.2600	4.3600	9.4900
2022100823	5.1500	3.2300	4.3200	9.4100
2022100900	5.1100	3.2100	4.2800	9.3100
2022100901	5.0500	3.1700	4.2300	9.2100
2022100902	5.0100	3.1400	4.1900	9.1200
2022100903	4.9600	3.1100	4.1500	9.0300
2022100904	4.9200	3.0900	4.1100	8.9400
2022100905	4.8700	3.0500	4.0700	8.8600
2022100906	4.8200	3.0200	4.0300	8.7800
2022100907	4.7600	2.9900	3.9900	8.6800
2022100908	4.7100	2.9600	3.9400	8.5900
2022100909	4.6600	2.9300	3.9100	8.5200
2022100910	4.6100	2.9000	3.8700	8.4500
2022100911	4.5600	2.8700	3.8400	8.3700
2022100912	4.5100	2.8400	3.8000	8.3000
2022100913	4.4700	2.8100	3.7700	8.2200
2022100914	4.4200	2.7800	3.7300	8.1600
2022100915	4.3700	2.7500	3.6900	8.0800
2022100916	4.3300	2.7300	3.6600	8.0200
2022100917	4.2900	2.7000	3.6300	7.9400
2022100918	4.2500	2.6800	3.6000	7.8800
2022100919	4.2000	2.6500	3.5600	7.8100
2022100920	4.1700	2.6300	3.5300	7.7300
2022100921	4.1400	2.6100	3.5000	7.6700
2022100922	4.1100	2.5900	3.4800	7.6100
2022100923	4.0900	2.5700	3.4500	7.5400
2022101000	4.0600	2.5600	3.4200	7.4800
2022101001	4.0500	2.5500	3.4000	7.4200
2022101002	4.0500	2.5400	3.3900	7.3600
2022101003	4.0500	2.5400	3.3700	7.3100
2022101004	4.0200	2.5200	3.3400	7.2500
2022101005	3.9700	2.4900	3.3100	7.1900
2022101006	3.9600	2.4800	3.2900	7.1300
2022101007	3.8700	2.4300	3.2500	7.0700
2022101008	3.8300	2.4100	3.2200	7.0200
2022101009	3.8400	2.4100	3.2100	6.9700
2022101010	3.8100	2.3900	3.1800	6.9300
2022101011	3.8100	2.3900	3.1900	6.9400
2022101012	3.8200	2.4100	3.2300	7.0700
2022101013	3.8400	2.4300	3.2700	7.1900
2022101014	3.8600	2.4500	3.3100	7.3100
2022101015	3.8900	2.4700	3.3700	7.4600
2022101016	3.9200	2.5000	3.4200	7.6100
2022101017	3.9500	2.5300	3.4600	7.7300
2022101018	3.9600	2.5400	3.4900	7.8100
2022101019	3.9700	2.5500	3.5100	7.8700
2022101020	3.9800	2.5600	3.5300	7.9100
2022101021	3.9800	2.5600	3.5400	7.9400
2022101022	3.9700	2.5600	3.5400	7.9500
2022101023	3.9700	2.5600	3.5300	7.9400
2022101100	3.9600	2.5500	3.5300	7.9300
2022101101	3.9500	2.5400	3.5100	7.8800
2022101102	3.9300	2.5300	3.4900	7.8300
2022101103	3.9100	2.5200	3.4700	7.7800
2022101104	3.9000	2.5100	3.4500	7.7300
2022101105	3.8800	2.4900	3.4300	7.6900
2022101106	3.8600	2.4800	3.4100	7.6300
2022101107	3.8500	2.4700	3.3900	7.5700
2022101108	3.8200	2.4500	3.3600	7.5100
2022101109	3.8100	2.4400	3.3400	7.4600
2022101110	3.7800	2.4200	3.3100	7.3900
2022101111	3.7600	2.4000	3.2900	7.3200
2022101112	3.7400	2.3900	3.2600	7.2700
2022101113	3.7200	2.3700	3.2400	7.2200
2022101114	3.6800	2.3500	3.2100	7.1600
2022101115	3.6600	2.3400	3.2000	7.1100
2022101116	3.6400	2.3300	3.1700	7.0600
2022101117	3.6300	2.3200	3.1600	7.0200
2022101118	3.6200	2.3100	3.1400	6.9800
2022101119	3.6000	2.2900	3.1200	6.9300
2022101120	3.5700	2.2800	3.1000	6.8700
2022101121	3.5500	2.2600	3.0800	6.8300
2022101122	3.5300	2.2500	3.0600	6.7700
2022101123	3.5100	2.2300	3.0400	6.7200
2022101200	3.5000	2.2200	3.0200	6.6800
2022101201	3.4600	2.2000	2.9900	6.6200
2022101202	3.4400	2.1900	2.9700	6.5700
2022101203	3.4200	2.1700	2.9400	6.5100
2022101204	3.3900	2.1500	2.9200	6.4600
2022101205	3.3700	2.1400	2.9000	6.4000
2022101206	3.3400	2.1200	2.8700	6.3500
2022101207	3.3200	2.1100	2.8500	6.3000
2022101208	3.3000	2.0900	2.8400	6.2600
2022101209	3.2800	2.0800	2.8100	6.2100
2022101210	3.2300	2.0500	2.7900	6.1600
2022101211	3.2100	2.0400	2.7700	6.1100
2022101212	3.1900	2.0300	2.7500	6.0700
2022101213	3.1700	2.0100	2.7300	6.0300
2022101214	3.1400	1.9900	2.7100	5.9900
2022101215	3.1100	1.9800	2.6800	5.9400
2022101216	3.0900	1.9700	2.6700	5.9100
2022101217	3.0700	1.9500	2.6500	5.8700
2022101218	3.0500	1.9400	2.6400	5.8400
2022101219	3.0400	1.9300	2.6200	5.8000
2022101220	3.0100	1.9200	2.6000	5.7600
2022101221	2.9900	1.9000	2.5900	5.7300
2022101222	2.9600	1.8900	2.5700	5.6900
2022101223	2.9400	1.8700	2.5500	5.6600
2022101300	2.9200	1.8600	2.5300	5.6300
2022101301	2.9000	1.8500	2.5200	5.6000
2022101302	2.8800	1.8400	2.5100	5.5700
2022101303	2.8700	1.8300	2.5000	5.5600
2022101304	2.8700	1.8400	2.5100	5.6000
2022101305	2.8700	1.8400	2.5200	5.6300
2022101306	2.8800	1.8500	2.5400	5.6700
2022101307	2.8900	1.8600	2.5600	5.7300
2022101308	2.9000	1.8700	2.5800	5.7900
2022101309	2.9000	1.8700	2.5900	5.8400
2022101310	2.9000	1.8700	2.6000	5.8700
2022101311	2.9000	1.8700	2.6100	5.9000
2022101312	2.8900	1.8700	2.6100	5.9100
2022101313	2.8700	1.8600	2.6000	5.9000
2022101314	2.8500	1.8600	2.5900	5.8900
2022101315	2.8400	1.8500	2.5800	5.8700
2022101316	2.8300	1.8400	2.5700	5.8400
2022101317	2.8100	1.8300	2.5600	5.8100
2022101318	2.8000	1.8200	2.5500	5.7900
2022101319	2.7900	1.8100	2.5400	5.7600
2022101320	2.7600	1.8000	2.5100	5.7100
2022101321	2.7500	1.7900	2.5000	5.6700
2022101322	2.7300	1.7700	2.4800	5.6300
2022101323	2.7100	1.7600	2.4600	5.5900
2022101400	2.6900	1.7500	2.4400	5.5400
2022101401	2.6600	1.7300	2.4200	5.4900
2022101402	2.6400	1.7100	2.4000	5.4500
2022101403	2.6200	1.7000	2.3800	5.4100
2022101404	2.6000	1.6900	2.3600	5.3700
2022101405	2.5700	1.6700	2.3400	5.3200
2022101406	2.5500	1.6600	2.3300	5.2900
2022101407	2.5300	1.6500	2.3100	5.2500
2022101408	2.5100	1.6400	2.2900	5.2100
2022101409	2.4900	1.6200	2.2700	5.1700
2022101410	2.4700	1.6100	2.2600	5.1300
2022101411	2.4500	1.6000	2.2400	5.1000
2022101412	2.4200	1.5800	2.2200	5.0600
2022101413	2.4100	1.5700	2.2100	5.0300
2022101414	2.3900	1.5600	2.1900	4.9900
2022101415	2.3800	1.5600	2.1900	4.9900
2022101416	2.3700	1.5500	2.1700	4.9500
2022101417	2.3700	1.5400	2.1700	4.9400
2022101418	2.3600	1.5400	2.1600	4.9200
2022101419	2.3400	1.5300	2.1500	4.8900
2022101420	2.3400	1.5300	2.1400	4.8800
2022101421	2.3400	1.5300	2.1400	4.8900
2022101422	2.3600	1.5400	2.1700	4.9600
2022101423	2.4100	1.5800	2.2300	5.1200
2022101500	2.5500	1.6900	2.4100	5.5600
2022101501	2.8900	1.9400	2.8100	6.5800
2022101502	3.3700	2.2900	3.3900	8.0300
2022101503	3.7700	2.5800	3.8500	9.2100
2022101504	3.9600	2.7200	4.0800	9.7900
2022101505	4.0300	2.7800	4.1700	10.0100
2022101506	4.0500	2.8000	4.2100	10.1200
2022101507	4.0700	2.8100	4.2300	10.1900
2022101508	4.0700	2.8100	4.2400	10.2000
2022101509	4.0600	2.8000	4.2200	10.1600
2022101510	4.0100	2.7700	4.1700	10.0400
2022101511	3.9300	2.7200	4.1000	9.8700
2022101512	3.8600	2.6600	4.0100	9.6600
2022101513	3.7700	2.6000	3.9200	9.4300
2022101514	3.7000	2.5500	3.8300	9.2000
2022101515	3.6200	2.4900	3.7400	8.9800
2022101516	3.5500	2.4500	3.6700	8.7900
2022101517	3.5600	2.4500	3.6700	8.8200
2022101518	3.7000	2.5500	3.8400	9.2400
2022101519	3.9400	2.7300	4.1200	9.9600
2022101520	4.1300	2.8700	4.3500	10.5300
2022101521	4.2300	2.9500	4.4800	10.8500
2022101522	4.2800	2.9800	4.5400	11.0000
2022101523	4.3000	3.0000	4.5600	11.0700
2022101600	4.3100	3.0100	4.5800	11.1000
2022101601	4.3200	3.0100	4.5800	11.1200
2022101602	4.3100	3.0000	4.5700	11.1000
2022101603	4.2800	2.9900	4.5500	11.0300
2022101604	4.2400	2.9600	4.5000	10.9300
2022101605	4.1900	2.9200	4.4500	10.7900
2022101606	4.1400	2.8800	4.3900	10.6400
2022101607	4.1100	2.8600	4.3500	10.5500
2022101608	4.0900	2.8500	4.3300	10.5000
2022101609	4.0700	2.8400	4.3100	10.4500
2022101610	4.0900	2.8500	4.3400	10.5200
2022101611	4.1700	2.9100	4.4400	10.7900
2022101612	4.3000	3.0100	4.6100	11.2200
2022101613	4.4400	3.1200	4.7800	11.6600
2022101614	4.5700	3.2100	4.9300	12.0300
2022101615	4.6500	3.2700	5.0200	12.2700
2022101616	4.7200	3.3200	5.1000	12.4700
2022101617	4.7700	3.3600	5.1600	12.6300
2022101618	4.8000	3.3800	5.2000	12.7300
2022101619	4.8100	3.3900	5.2100	12.7400
2022101620	4.7900	3.3700	5.1900	12.7000
2022101621	4.7700	3.3600	5.1700	12.6400
2022101622	4.7300	3.3300	5.1200	12.5300
2022101623	4.6900	3.3000	5.0800	12.4100
2022101700	4.6300	3.2600	5.0200	12.2700
2022101701	4.5800	3.2200	4.9600	12.1200
2022101702	4.5400	3.1900	4.9100	11.9900
2022101703	4.4900	3.1600	4.8500	11.8500
2022101704	4.4400	3.1200	4.7900	11.7000
2022101705	4.3800	3.0800	4.7300	11.5600
2022101706	4.3300	3.0400	4.6700	11.4100
2022101707	4.2800	3.0100	4.6100	11.2700
2022101708	4.2300	2.9700	4.5500	11.1200
2022101709	4.1700	2.9300	4.4900	10.9700
2022101710	4.0800	2.8700	4.4200	10.8200
2022101711	4.0300	2.8400	4.3700	10.6800
2022101712	4.0000	2.8100	4.3300	10.6000
2022101713	3.9600	2.7900	4.3000	10.5100
2022101714	3.9400	2.7800	4.2800	10.4600
2022101715	3.9400	2.7800	4.2700	10.4500
2022101716	3.9400	2.7700	4.2700	10.4500
2022101717	3.9500	2.7800	4.2800	10.4700
2022101718	3.9500	2.7900	4.2900	10.5000
2022101719	3.9600	2.7900	4.3000	10.5300
2022101720	3.9700	2.8000	4.3100	10.5600
2022101721	3.9800	2.8100	4.3200	10.5900
2022101722	3.9800	2.8100	4.3200	10.5900
2022101723	3.9700	2.8000	4.3200	10.5700
2022101800	3.9700	2.8000	4.3200	10.5700
2022101801	3.9600	2.7900	4.3100	10.5500
2022101802	3.9500	2.7900	4.3000	10.5200
2022101803	3.9300	2.7800	4.2800	10.5000
2022101804	3.9300	2.7700	4.2800	10.4800
2022101805	3.9200	2.7700	4.2700	10.4700
2022101806	3.9300	2.7700	4.2800	10.4900
2022101807	3.9200	2.7700	4.2800	10.4900
2022101808	3.9300	2.7800	4.2900	10.5100
2022101809	3.9400	2.7800	4.3000	10.5400
2022101810	3.9400	2.7900	4.3100	10.5700
2022101811	3.9400	2.7900	4.3200	10.5900
2022101812	3.9500	2.7900	4.3200	10.6100
2022101813	3.9500	2.8000	4.3200	10.6100
2022101814	3.9500	2.7900	4.3200	10.6100
2022101815	3.9500	2.7900	4.3100	10.5900
2022101816	3.9300	2.7800	4.2900	10.5300
2022101817	3.9000	2.7600	4.2600	10.4700
2022101818	3.8700	2.7400	4.2300	10.3900
2022101819	3.8400	2.7200	4.2000	10.3200
2022101820	3.8200	2.7000	4.1700	10.2400
2022101821	3.7900	2.6800	4.1400	10.1600
2022101822	3.7600	2.6600	4.1100	10.0800
2022101823	3.7300	2.6400	4.0800	10.0000
2022101900	3.7000	2.6100	4.0400	9.9100
2022101901	3.6700	2.5900	4.0100	9.8300
2022101902	3.6300	2.5700	3.9700	9.7400
2022101903	3.6000	2.5400	3.9300	9.6500
2022101904	3.5700	2.5200	3.9000	9.5700
2022101905	3.5400	2.5000	3.8700	9.4900
2022101906	3.5100	2.4800	3.8300	9.4000
2022101907	3.4800	2.4600	3.8000	9.3300
2022101908	3.4500	2.4400	3.7700	9.2500
2022101909	3.4200	2.4200	3.7400	9.1700
2022101910	3.4000	2.4000	3.7100	9.0900
2022101911	3.3700	2.3800	3.6800	9.0200
2022101912	3.3400	2.3600	3.6500	8.9400
2022101913	3.3200	2.3400	3.6200	8.8600
2022101914	3.3000	2.3300	3.5900	8.7900
2022101915	3.2700	2.3100	3.5600	8.7200
2022101916	3.2400	2.2900	3.5300	8.6500
2022101917	3.2200	2.2700	3.5000	8.5900
2022101918	3.1900	2.2500	3.4700	8.5100
2022101919	3.1600	2.2300	3.4400	8.4400
2022101920	3.1400	2.2200	3.4200	8.3700
2022101921	3.1100	2.2000	3.3900	8.3000
2022101922	3.0900	2.1800	3.3600	8.2300
2022101923	3.0600	2.1600	3.3300	8.1500
2022102000	3.0400	2.1400	3.3000	8.0800
2022102001	3.0100	2.1300	3.2700	8.0200
2022102002	2.9800	2.1000	3.2400	7.9400
2022102003	2.9600	2.0800	3.2100	7.8600
2022102004	2.9300	2.0600	3.1800	7.7900
2022102005	2.9000	2.0500	3.1600	7.7300
2022102006	2.8800	2.0300	3.1300	7.6700
2022102007	2.8500	2.0100	3.1000	7.5900
2022102008	2.8200	1.9900	3.0700	7.5200
2022102009	2.8000	1.9800	3.0500	7.4600
2022102010	2.7700	1.9600	3.0200	7.4000
2022102011	2.7500	1.9400	2.9900	7.3400
2022102012	2.7300	1.9300	2.9700	7.2800
2022102013	2.7000	1.9100	2.9500	7.2200
2022102014	2.6900	1.9000	2.9200	7.1600
2022102015	2.6600	1.8800	2.9000	7.1000
2022102016	2.6400	1.8700	2.8800	7.0400
2022102017	2.6300	1.8600	2.8600	7.0000
2022102018	2.6200	1.8400	2.8400	6.9400
2022102019	2.6000	1.8300	2.8200	6.8900
2022102020	2.5800	1.8200	2.7900	6.8300
2022102021	2.5700	1.8100	2.7800	6.7900
2022102022	2.5600	1.8000	2.7600	6.7300
2022102023	2.5500	1.7900	2.7400	6.6700
2022102100	2.5300	1.7800	2.7200	6.6200
2022102101	2.5200	1.7700	2.7000	6.5700
2022102102	2.5100	1.7600	2.6800	6.5200
2022102103	2.4900	1.7400	2.6600	6.4700
2022102104	2.4800	1.7300	2.6400	6.4200
2022102105	2.4700	1.7200	2.6300	6.3800
2022102106	2.4500	1.7100	2.6100	6.3300
2022102107	2.4400	1.7000	2.5900	6.2800
2022102108	2.4200	1.6900	2.5700	6.2400
2022102109	2.4100	1.6800	2.5600	6.2000
2022102110	2.4000	1.6700	2.5400	6.1600
2022102111	2.3900	1.6600	2.5200	6.1100
2022102112	2.3800	1.6500	2.5100	6.0600
2022102113	2.3700	1.6500	2.4900	6.0300
2022102114	2.3600	1.6400	2.4800	5.9900
2022102115	2.3500	1.6300	2.4600	5.9500
2022102116	2.3400	1.6200	2.4500	5.9100
2022102117	2.3300	1.6100	2.4300	5.8600
2022102118	2.3200	1.6000	2.4200	5.8200
2022102119	2.3100	1.6000	2.4000	5.7900
2022102120	2.3000	1.5900	2.3900	5.7500
2022102121	2.3000	1.5800	2.3800	5.7100
2022102122	2.2900	1.5800	2.3600	5.6700
2022102123	2.2800	1.5700	2.3500	5.6300
2022102200	2.2700	1.5600	2.3300	5.5900
2022102201	2.2600	1.5500	2.3200	5.5600
2022102202	2.2500	1.5400	2.3100	5.5300
2022102203	2.2400	1.5400	2.3000	5.5000
2022102204	2.2300	1.5300	2.2800	5.4600
2022102205	2.2200	1.5200	2.2700	5.4300
2022102206	2.2100	1.5100	2.2500	5.3900
2022102207	2.2000	1.5000	2.2400	5.3500
2022102208	2.1900	1.5000	2.2300	5.3200
2022102209	2.1800	1.4900	2.2200	5.2900
2022102210	2.1700	1.4800	2.2000	5.2500
2022102211	2.1600	1.4700	2.1900	5.2100
2022102212	2.1500	1.4600	2.1700	5.1700
2022102213	2.1500	1.4600	2.1600	5.1400
2022102214	2.1500	1.4600	2.1600	5.1100
2022102215	2.1600	1.4600	2.1500	5.0900
2022102216	2.1800	1.4700	2.1400	5.0500
2022102217	2.2000	1.4700	2.1400	5.0200
2022102218	2.2300	1.4900	2.1400	4.9900
2022102219	2.2900	1.5100	2.1500	4.9500
2022102220	2.3700	1.5400	2.1600	4.9200
2022102221	2.5000	1.6000	2.1900	4.8900
2022102222	2.6600	1.6700	2.2400	4.8800
2022102223	2.8500	1.7600	2.2900	4.8700
2022102300	3.0700	1.8600	2.3500	4.8500
2022102301	3.2900	1.9600	2.4000	4.8200
2022102302	3.5300	2.0600	2.4700	4.8000
2022102303	3.7500	2.1600	2.5300	4.7700
2022102304	3.9600	2.2600	2.5800	4.7400
2022102305	4.1500	2.3400	2.6300	4.7100
2022102306	4.3500	2.4300	2.6800	4.6900
2022102307	4.5100	2.5000	2.7200	4.6600
2022102308	4.6600	2.5700	2.7500	4.6500
2022102309	4.7800	2.6200	2.7900	4.6200
2022102310	4.9000	2.6700	2.8100	4.5900
2022102311	4.9800	2.7100	2.8300	4.5700
2022102312	5.0200	2.7200	2.8300	4.5400
2022102313	5.0800	2.7500	2.8400	4.5200
2022102314	5.1400	2.7700	2.8500	4.5000
2022102315	5.2000	2.8000	2.8600	4.4700
2022102316	5.2900	2.8400	2.8800	4.4500
2022102317	5.4000	2.8800	2.9100	4.4200
2022102318	5.5400	2.9500	2.9400	4.4100
2022102319	5.7600	3.0500	3.0000	4.3800
2022102320	6.0000	3.1600	3.0700	4.3600
2022102321	6.2800	3.2800	3.1400	4.3400
2022102322	6.6000	3.4300	3.2300	4.3100
2022102323	6.9500	3.5800	3.3200	4.2800
2022102400	7.2400	3.7100	3.4000	4.2600
2022102401	7.4100	3.7900	3.4400	4.2300
2022102402	7.5300	3.8400	3.4700	4.2100
2022102403	7.5700	3.8600	3.4800	4.1800
2022102404	7.5700	3.8600	3.4700	4.1600
2022102405	7.5100	3.8300	3.4400	4.1400
2022102406	7.4200	3.7800	3.4100	4.1300
2022102407	7.3100	3.7300	3.3800	4.1300
2022102408	7.1600	3.6700	3.3500	4.1600
2022102409	6.9900	3.6000	3.3200	4.2300
2022102410	6.8500	3.5400	3.3100	4.3600
2022102411	6.7200	3.5000	3.3300	4.5200
2022102412	6.6100	3.4700	3.3500	4.7000
2022102413	6.4700	3.4200	3.3600	4.8900
2022102414	6.3700	3.3900	3.3700	5.0300
2022102415	6.2500	3.3400	3.3700	5.1300
2022102416	6.1100	3.2800	3.3500	5.2100
2022102417	5.9600	3.2200	3.3300	5.2800
2022102418	5.8300	3.1700	3.3100	5.3500
2022102419	5.7100	3.1200	3.3000	5.4300
2022102420	5.5700	3.0600	3.2800	5.5000
2022102421	5.4500	3.0200	3.2700	5.5700
2022102422	5.3500	2.9800	3.2600	5.6500
2022102423	5.2800	2.9500	3.2600	5.7400
2022102500	5.2200	2.9300	3.2700	5.8300
2022102501	5.1700	2.9200	3.2800	5.9100
2022102502	5.1100	2.9000	3.2900	5.9900
2022102503	5.0600	2.8800	3.2900	6.0600
2022102504	5.0000	2.8600	3.2900	6.1100
2022102505	4.9600	2.8500	3.3000	6.1700
2022102506	4.9200	2.8300	3.3000	6.2200
2022102507	4.9000	2.8300	3.3200	6.3000
2022102508	4.8700	2.8300	3.3400	6.3900
2022102509	4.8600	2.8300	3.3600	6.4800
2022102510	4.8400	2.8300	3.3800	6.5600
2022102511	4.8000	2.8200	3.3800	6.6100
2022102512	4.7800	2.8100	3.3900	6.6700
2022102513	4.7300	2.7900	3.3900	6.7000
2022102514	4.6900	2.7700	3.3800	6.7100
2022102515	4.6400	2.7500	3.3700	6.7200
2022102516	4.6200	2.7400	3.3600	6.7000
2022102517	4.5800	2.7200	3.3400	6.6800
2022102518	4.5400	2.7000	3.3100	6.6400
2022102519	4.5000	2.6800	3.2900	6.6000
2022102520	4.4500	2.6500	3.2600	6.5500
2022102521	4.4100	2.6200	3.2300	6.4900
2022102522	4.3900	2.6100	3.2100	6.4300
2022102523	4.3900	2.6000	3.1900	6.3800
2022102600	4.4000	2.6000	3.1800	6.3100
2022102601	4.4600	2.6200	3.1700	6.2400
2022102602	4.6000	2.6800	3.2000	6.1900
2022102603	4.9700	2.8500	3.2900	6.1300
2022102604	6.1400	3.3800	3.6100	6.0700
2022102605	7.4200	3.9600	3.9700	6.0000
2022102606	8.9800	4.6700	4.4200	5.9500
2022102607	11.0300	5.6000	5.0000	5.8900
2022102608	13.3400	6.6600	5.6700	5.8300
2022102609	15.3600	7.5800	6.2500	5.7900
2022102610	16.6400	8.1600	6.6100	5.7300
2022102611	17.2300	8.4300	6.7700	5.6800
2022102612	17.3100	8.4600	6.7800	5.6300
2022102613	17.0800	8.3500	6.6900	5.5900
2022102614	16.5800	8.1200	6.5300	5.5400
2022102615	15.9200	7.8100	6.3300	5.5000
2022102616	15.1500	7.4600	6.0900	5.4600
2022102617	14.3600	7.0900	5.8400	5.4300
2022102618	13.5800	6.7300	5.6100	5.3900
2022102619	12.8300	6.3800	5.3800	5.3800
2022102620	12.1300	6.0600	5.1600	5.3400
2022102621	11.4700	5.7600	4.9700	5.3400
2022102622	10.8300	5.4600	4.7900	5.3600
2022102623	10.2700	5.2100	4.6400	5.4100
2022102700	9.7500	4.9800	4.5000	5.4600
2022102701	9.3100	4.7800	4.3800	5.5100
2022102702	8.8800	4.5900	4.2700	5.5600
2022102703	8.4900	4.4100	4.1600	5.5900
2022102704	8.1700	4.2700	4.0800	5.6100
2022102705	7.8800	4.1400	4.0000	5.6300
2022102706	7.5700	3.9900	3.9000	5.6300
2022102707	7.2800	3.8600	3.8200	5.6300
2022102708	7.0400	3.7500	3.7400	5.6100
2022102709	6.8200	3.6500	3.6800	5.6000
2022102710	6.6100	3.5500	3.6100	5.5700
2022102711	6.4200	3.4600	3.5400	5.5500
2022102712	6.2500	3.3800	3.4800	5.5100
2022102713	6.0800	3.3000	3.4200	5.4800
2022102714	5.9200	3.2200	3.3700	5.4500
2022102715	5.7600	3.1400	3.3100	5.4200
2022102716	5.6100	3.0700	3.2600	5.3900
2022102717	5.4900	3.0100	3.2100	5.3400
2022102718	5.3900	2.9700	3.1700	5.3100
2022102719	5.2900	2.9100	3.1300	5.2700
2022102720	5.1600	2.8500	3.0800	5.2300
2022102721	5.0700	2.8100	3.0500	5.2100
2022102722	5.0200	2.7800	3.0200	5.1800
2022102723	4.9600	2.7500	2.9900	5.1400
2022102800	4.9000	2.7200	2.9700	5.1100
2022102801	4.8600	2.7000	2.9400	5.0800
2022102802	4.8200	2.6800	2.9200	5.0400
2022102803	4.7600	2.6500	2.9000	5.0200
2022102804	4.7300	2.6300	2.8800	4.9900
2022102805	4.6900	2.6100	2.8600	4.9600
2022102806	4.6700	2.6000	2.8400	4.9400
2022102807	4.6700	2.6000	2.8400	4.9100
2022102808	4.7000	2.6100	2.8400	4.8800
2022102809	4.7400	2.6300	2.8400	4.8600
2022102810	4.8000	2.6500	2.8500	4.8200
2022102811	4.8700	2.6800	2.8700	4.8000
2022102812	4.9400	2.7100	2.8800	4.7700
2022102813	4.9700	2.7200	2.8800	4.7500
2022102814	5.0300	2.7500	2.8900	4.7300
2022102815	5.0700	2.7600	2.9000	4.7100
2022102816	5.1400	2.7900	2.9100	4.6900
2022102817	5.1700	2.8100	2.9200	4.6700
2022102818	5.2000	2.8200	2.9200	4.6800
2022102819	5.2300	2.8300	2.9400	4.6900
2022102820	5.2500	2.8500	2.9600	4.7600
2022102821	5.2800	2.8700	3.0000	4.8600
2022102822	5.2900	2.8900	3.0300	4.9600
2022102823	5.3100	2.9100	3.0800	5.0800
2022102900	5.3000	2.9100	3.1000	5.1600
2022102901	5.2700	2.9000	3.1000	5.2100
2022102902	5.2100	2.8800	3.1000	5.2500
2022102903	5.1800	2.8700	3.1000	5.2800
2022102904	5.1700	2.8600	3.1000	5.3100
2022102905	5.1600	2.8600	3.1100	5.3500
2022102906	5.1700	2.8700	3.1200	5.3500
2022102907	5.2300	2.9000	3.1400	5.3600
2022102908	5.2800	2.9200	3.1500	5.3500
2022102909	5.3700	2.9600	3.1700	5.3400
2022102910	5.4800	3.0000	3.1900	5.3000
2022102911	5.5900	3.0600	3.2200	5.2800
2022102912	5.7600	3.1300	3.2600	5.2600
2022102913	5.9200	3.2000	3.3000	5.2300
2022102914	6.1300	3.2900	3.3500	5.1900
2022102915	6.3400	3.3800	3.4000	5.1500
2022102916	6.5400	3.4700	3.4500	5.1200
2022102917	6.7100	3.5500	3.4900	5.0800
2022102918	6.8400	3.6000	3.5200	5.0500
2022102919	6.9200	3.6400	3.5300	5.0100
2022102920	6.9900	3.6700	3.5400	4.9800
2022102921	7.0200	3.6800	3.5400	4.9400
2022102922	6.9900	3.6600	3.5200	4.9000
2022102923	6.9500	3.6400	3.5000	4.8600
2022103000	6.9000	3.6100	3.4700	4.8200
2022103001	6.8000	3.5600	3.4300	4.7800
2022103002	6.6900	3.5100	3.3900	4.7600
2022103003	6.5800	3.4500	3.3400	4.7200
2022103004	6.4500	3.3900	3.3000	4.7000
2022103005	6.3100	3.3200	3.2500	4.6700
2022103006	6.1900	3.2700	3.2100	4.6500
2022103007	6.0600	3.2100	3.1600	4.6200
2022103008	5.9300	3.1400	3.1100	4.5900
2022103009	5.7400	3.0600	3.0500	4.5700
2022103010	5.5800	2.9800	3.0000	4.5500
2022103011	5.4300	2.9100	2.9500	4.5300
2022103012	5.2700	2.8400	2.8900	4.5000
2022103013	5.1300	2.7700	2.8400	4.4800
2022103014	4.9900	2.7000	2.8000	4.4500
2022103015	4.8700	2.6500	2.7500	4.4300
2022103016	4.7600	2.5900	2.7100	4.4100
2022103017	4.6500	2.5400	2.6700	4.3800
2022103018	4.5400	2.4900	2.6400	4.3700
2022103019	4.4400	2.4400	2.6000	4.3500
2022103020	4.3400	2.3900	2.5700	4.3200
2022103021	4.2400	2.3500	2.5300	4.3100
2022103022	4.1500	2.3000	2.5000	4.2800
2022103023	4.0700	2.2600	2.4700	4.2600
2022103100	3.9700	2.2200	2.4400	4.2500
2022103101	3.9000	2.1800	2.4100	4.2400
2022103102	3.8200	2.1400	2.3800	4.2200
2022103103	3.7500	2.1100	2.3600	4.2000
2022103104	3.6800	2.0700	2.3300	4.1800
2022103105	3.6000	2.0400	2.3000	4.1700
2022103106	3.5400	2.0100	2.2800	4.1500
2022103107	3.4800	1.9800	2.2600	4.1400
2022103108	3.4300	1.9600	2.2400	4.1300
2022103109	3.3800	1.9300	2.2200	4.1100
2022103110	3.3200	1.9000	2.1900	4.0800
2022103111	3.2800	1.8800	2.1800	4.0600
2022103112	3.2300	1.8600	2.1600	4.0500
2022103113	3.1900	1.8400	2.1400	4.0300
2022103114	3.1700	1.8200	2.1300	4.0100
2022103115	3.1400	1.8100	2.1100	4.0000
2022103116	3.1200	1.8000	2.1000	3.9700
2022103117	3.1100	1.8000	2.1000	3.9600
2022103118	3.1100	1.7900	2.0900	3.9500
2022103119	3.1000	1.7900	2.0800	3.9200
2022103120	3.1000	1.7800	2.0800	3.9100
2022103121	3.1100	1.7900	2.0800	3.8900
2022103122	3.1100	1.7900	2.0700	3.8700
2022103123	3.1300	1.7900	2.0700	3.8500
2022110100	3.3679	1.9621	2.3321	4.5000
2022110200	5.4346	3.2254	3.9563	7.9129
2022110300	10.7996	6.3800	7.7625	15.3867
2022110400	9.9267	6.3879	8.8183	19.7971
2022110500	8.1554	5.5133	8.0946	19.1221
2022110600	6.0283	4.1008	6.0654	14.4058
2022110700	7.6121	5.3375	8.1729	19.9213
2022110800	6.5362	4.5938	7.0558	17.2317
2022110900	7.6112	5.4158	8.4217	20.7558
2022111000	5.8762	4.1704	6.4700	15.9175
2022111100	4.7525	3.3613	5.1971	12.7600
2022111200	3.8879	2.7333	4.1992	10.2583
2022111300	3.3258	2.3004	3.4688	8.3629
2022111400	3.2487	2.1288	3.0083	6.8937
2022111500	4.5492	2.6479	3.1408	6.0504
2022111600	6.8350	3.7425	3.9650	6.5500
2022111700	13.0854	6.5379	5.5771	5.7883
2022111800	6.3917	3.3729	3.3025	4.7708
2022111900	3.7746	2.1079	2.3200	4.0579
2022112000	4.0287	2.1733	2.2317	3.5125
2022112100	2.7604	1.5512	1.7300	3.0787
2022112200	2.3000	1.3100	1.4983	2.7596
2022112300	2.8488	1.5571	1.6450	2.7050
2022112400	2.9729	1.7129	1.9983	3.7671
2022112500	4.0892	2.6575	3.7167	8.4383
2022112600	5.8788	3.7642	5.1629	11.5250
2022112700	6.6088	4.1054	5.3971	11.5917
2022112800	7.8346	5.3750	8.0296	19.2183
2022112900	5.3017	3.6438	5.4562	13.0800
2022113000	3.6225	2.4571	3.6183	8.5721
2022120100	2.7812	1.8679	2.7200	6.3842
2022120200	2.3533	1.5621	2.2408	5.1987
2022120300	1.9775	1.3217	1.9117	4.4633
2022120400	1.8233	1.1979	1.6987	3.9038
2022120500	1.7033	1.1058	1.5408	3.4871
2022120600	1.6912	1.0967	1.5312	3.4729
2022120700	1.6517	1.0721	1.4925	3.3792
2022120800	1.7350	1.1329	1.5963	3.6417
2022120900	1.8712	1.2246	1.7271	3.9496
2022121000	1.8708	1.2233	1.7246	3.9425
2022121100	1.9783	1.3033	1.8525	4.2625
2022121200	1.9883	1.3117	1.8679	4.3054
2022121300	1.8954	1.2500	1.7838	4.1125
2022121400	1.7867	1.1846	1.7008	3.9458
2022121500	1.6596	1.0929	1.5546	3.5792
2022121600	1.5683	1.0121	1.4042	3.1654
2022121700	1.5083	0.9746	1.3513	3.0450
2022121800	1.5508	0.9921	1.3583	3.0279
2022121900	1.6937	1.0450	1.3550	2.8775
2022122000	2.1346	1.2358	1.4504	2.7554
2022122100	3.7471	1.9242	1.7642	2.2225
2022122200	3.8683	1.9638	1.7533	2.0629
2022122300	2.8696	1.4892	1.4000	1.8625
2022122400	2.0471	1.0917	1.0921	1.6438
2022122500	1.6800	0.9225	0.9813	1.6367
2022122600	3.1350	1.7188	1.8271	3.0363
2022122700	2.5142	1.4692	1.7529	3.4000
2022122800	1.8054	1.0908	1.3758	2.8342
2022122900	1.7979	1.0600	1.2838	2.5325
2022123000	1.6450	0.9783	1.2029	2.4142
2022123100	2.0867	1.3271	1.8042	3.9937
2023010100	1.4930	0.9057	1.1504	2.3867
2023010800	2.6735	1.8606	2.8255	6.8457
2023011500	1.3531	0.9271	1.3831	3.3073
2023012200	1.2243	0.8157	1.1761	2.7410
2023012900	1.1249	0.7575	1.1073	2.6059
2023020500	0.8147	0.5585	0.8333	1.9928
2023021200	0.9040	0.6312	0.9622	2.3354
2023021900	1.1430	0.7652	1.1115	2.6032
2023022600	1.7761	1.0073	1.1423	2.0786
2023030500	0.8814	0.5127	0.6070	1.1675
2023031200	0.6464	0.3826	0.4662	0.9259
2023031900	0.8873	0.5884	0.8433	1.9548
2023032600	2.4858	1.3589	1.4355	2.3628
2023040200	3.0961	1.5697	1.3920	1.6132
2023040900	2.7533	1.8458	2.6836	6.2904
2023041600	4.5513	3.0554	4.4489	10.4398
2023042300	5.9666	4.0204	5.8810	13.8508
2023043000	3.9677	2.5414	3.4865	7.7852
2023050700	8.1036	5.2835	7.4207	16.9072
2023051400	14.0974	8.3078	10.0681	19.8692
2023052100	10.6589	6.5032	8.3243	17.4150
2023052800	4.6506	2.8825	3.7767	8.0834
2023060400	1.5437	1.0086	1.4190	3.2390
2023061100	0.5520	0.3670	0.5280	1.2272
2023061800	0.8818	0.4708	0.4731	0.7157
2023062500	0.5537	0.3199	0.3746	0.7090
2023070200	0.7294	0.4446	0.5675	1.1849
2023070900	1.3642	0.8027	0.9705	1.9098
2023071600	2.1895	1.5740	2.4746	6.1449
2023072300	0.9267	0.6660	1.0458	2.5948
2023073000	1.0207	0.5654	0.6130	1.0495
2023080600	1.1721	0.6634	0.7490	1.3570
2023081300	1.4645	0.9380	1.2886	2.8791
2023082000	1.5092	1.0707	1.6606	4.0850
2023082700	1.4008	1.0129	1.6016	3.9950
