POWERSTATION node 1 SVOLETJONN
init_Power = 0.00000
penstock_config = SHARED
headloss_coef = 0.300000
yyyy mm dd hh [m3/s]    [Euro/MWh]  [fr_g0] [m3/s] [m3/s] [Euro] [Euro] [m] [m] [MWh] [Euro] [Euro] [GWh/Mm3]
yyyy mm dd hh Up_Inflow Price Action_g0 tot_outflow auto_qmin income startstopCost Hnetto Hbrutto Power adjust_cost profit est_eekv
2022 9 1 0 3.2000 564.8800 0.8000 3.2000 0.0000 23171.5578 1.0000 61.0047 64.0767 41.0203 0.0000 23170.5578 0.1484
2022 9 2 0 3.2000 425.8500 0.8000 3.2000 0.0000 17394.9771 0.0000 60.7479 63.8199 40.8477 0.0000 17394.9771 0.1477
2022 9 3 0 3.2000 383.9200 0.8000 3.2000 0.0000 15615.1403 0.0000 60.4880 63.5600 40.6729 0.0000 15615.1403 0.1471
2022 9 4 0 3.2000 310.1000 0.8000 3.2000 0.0000 12558.5661 0.0000 60.2285 63.3005 40.4984 0.0000 12558.5661 0.1465
2022 9 5 0 3.2000 388.8400 0.8000 3.2000 0.0000 15680.7448 0.0000 59.9735 63.0455 40.3270 0.0000 15680.7448 0.1459
2022 9 6 0 3.2000 414.3500 0.8000 3.2000 0.0000 16640.1897 0.0000 59.7248 62.7968 40.1597 0.0000 16640.1897 0.1453
2022 9 7 0 3.2000 451.5300 0.8000 3.2000 0.0000 18059.0362 0.0000 59.4801 62.5521 39.9952 0.0000 18059.0362 0.1447
2022 9 8 0 3.2000 426.5600 0.8000 3.2000 0.0000 16989.6585 0.0000 59.2336 62.3056 39.8295 0.0000 16989.6585 0.1441
2022 9 9 0 3.2000 352.9300 0.8000 3.2000 0.0000 13997.5650 0.0000 58.9831 62.0551 39.6610 0.0000 13997.5650 0.1434
2022 9 10 0 3.2000 410.9400 0.8000 3.2000 0.0000 16228.8332 0.0000 58.7317 61.8037 39.4920 0.0000 16228.8332 0.1428
2022 9 11 0 3.2000 400.0100 0.8000 3.2000 0.0000 15730.7689 0.0000 58.4848 61.5568 39.3259 0.0000 15730.7689 0.1422
2022 9 12 0 3.2000 407.9500 0.8000 3.2000 0.0000 15978.9626 0.0000 58.2513 61.3233 39.1689 0.0000 15978.9626 0.1417
2022 9 13 0 3.2000 382.5800 0.8000 3.2000 0.0000 14941.5163 0.0000 58.0813 61.1533 39.0546 0.0000 14941.5163 0.1413
2022 9 14 0 3.2000 425.5000 0.8000 3.2000 0.0000 16577.4247 0.0000 57.9404 61.0124 38.9599 0.0000 16577.4247 0.1409
2022 9 15 0 3.2000 355.8200 0.8000 3.2000 0.0000 13820.6389 0.0000 57.7646 60.8366 38.8417 0.0000 13820.6389 0.1405
2022 9 16 0 3.2000 329.3900 0.8000 3.2000 0.0000 12750.8557 0.0000 57.5695 60.6415 38.7105 0.0000 12750.8557 0.1400
2022 9 17 0 3.2000 246.9600 0.8000 3.2000 0.0000 9524.8857 0.0000 57.3584 60.4304 38.5685 0.0000 9524.8857 0.1395
2022 9 18 0 3.2000 117.5900 0.8000 3.2000 0.0000 4517.4826 0.0000 57.1334 60.2054 38.4172 0.0000 4517.4826 0.1390
2022 9 19 0 3.2000 288.3300 0.8000 3.2000 0.0000 11029.4366 0.0000 56.8889 59.9609 38.2528 0.0000 11029.4366 0.1384
2022 9 20 0 3.2000 380.8200 0.8000 3.2000 0.0000 14499.5321 0.0000 56.6237 59.6957 38.0745 0.0000 14499.5321 0.1377
2022 9 21 0 3.2000 388.8300 0.8000 3.2000 0.0000 14732.5847 0.0000 56.3486 59.4206 37.8895 0.0000 14732.5847 0.1370
2022 9 22 0 3.2000 378.9000 0.8000 3.2000 0.0000 14285.4963 0.0000 56.0705 59.1425 37.7026 0.0000 14285.4963 0.1364
2022 9 23 0 3.2000 359.9800 0.8000 3.2000 0.0000 13516.8102 0.0000 55.8418 58.9138 37.5488 0.0000 13516.8102 0.1358
2022 9 24 0 3.2000 350.7100 0.8000 3.2000 0.0000 13126.9609 0.0000 55.6647 58.7367 37.4297 0.0000 13126.9609 0.1354
2022 9 25 0 3.2000 299.0800 0.8000 3.2000 0.0000 11169.6716 0.0000 55.5414 58.6134 37.3468 0.0000 11169.6716 0.1351
2022 9 26 0 3.2000 259.4000 0.8000 3.2000 0.0000 9682.7470 0.0000 55.5127 58.5847 37.3275 0.0000 9682.7470 0.1350
2022 9 27 0 3.2000 306.8900 0.8000 3.2000 0.0000 11463.6284 0.0000 55.5525 58.6245 37.3542 0.0000 11463.6284 0.1351
2022 9 28 0 3.2000 308.5200 0.8000 3.2000 0.0000 11548.4570 0.0000 55.6679 58.7399 37.4318 0.0000 11548.4570 0.1354
2022 9 29 0 3.2000 347.1000 0.8000 3.2000 0.0000 13016.7893 0.0000 55.7716 58.8436 37.5016 0.0000 13016.7893 0.1356
2022 9 30 0 3.2000 278.9700 0.8000 3.2000 0.0000 10464.1743 0.0000 55.7842 58.8562 37.5100 0.0000 10464.1743 0.1357
2022 10 1 0 3.2000 90.2400 0.8000 3.2000 0.0000 3388.6989 0.0000 55.8467 58.9187 37.5521 0.0000 3388.6989 0.1358
2022 10 2 0 3.2000 182.7200 0.8000 3.2000 0.0000 6891.0234 0.0000 56.0869 59.1589 37.7136 0.0000 6891.0234 0.1364
2022 10 3 0 3.2000 234.6000 0.8000 3.2000 0.0000 8894.6016 0.0000 56.3848 59.4568 37.9139 0.0000 8894.6016 0.1371
2022 10 4 0 3.2000 199.0100 0.8000 3.2000 0.0000 7578.9340 0.0000 56.6366 59.7086 38.0832 0.0000 7578.9340 0.1377
2022 10 5 0 3.2000 51.1100 0.8000 3.2000 0.0000 1963.7248 0.0000 57.1398 60.2118 38.4215 0.0000 1963.7248 0.1390
2022 10 6 0 3.2000 23.8700 0.8000 3.2000 0.0000 933.0739 0.0000 58.1336 61.2056 39.0898 0.0000 933.0739 0.1414
2022 10 7 0 3.2000 30.2900 0.8000 3.2000 0.0000 1199.8200 0.0000 58.9089 61.9809 39.6111 0.0000 1199.8200 0.1433
2022 10 8 0 3.2000 53.3800 0.8000 3.2000 0.0000 2124.3951 0.0000 59.1862 62.2582 39.7976 0.0000 2124.3951 0.1439
2022 10 9 0 3.2000 91.9400 0.8000 3.2000 0.0000 3669.8862 0.0000 59.3625 62.4345 39.9161 0.0000 3669.8862 0.1444
2022 10 10 0 3.2000 137.7100 0.8000 3.2000 0.0000 5505.5035 0.0000 59.4560 62.5280 39.9790 0.0000 5505.5035 0.1446
2022 10 11 0 3.2000 174.3200 0.8000 3.2000 0.0000 6975.7927 0.0000 59.5128 62.5848 40.0172 0.0000 6975.7927 0.1447
2022 10 12 0 3.2000 199.9900 0.8000 3.2000 0.0000 8006.3418 0.0000 59.5374 62.6094 40.0337 0.0000 8006.3418 0.1448
2022 10 13 0 3.2000 233.6000 0.8000 3.2000 0.0000 9349.4858 0.0000 59.5222 62.5942 40.0235 0.0000 9349.4858 0.1448
2022 10 14 0 3.2000 217.2400 0.8000 3.2000 0.0000 8687.6443 0.0000 59.4739 62.5459 39.9910 0.0000 8687.6443 0.1446
2022 10 15 0 3.2000 154.6600 0.8000 3.2000 0.0000 6184.4494 0.0000 59.4685 62.5405 39.9874 0.0000 6184.4494 0.1446
2022 10 16 0 3.2000 113.2100 0.8000 3.2000 0.0000 4533.2378 0.0000 59.5508 62.6228 40.0427 0.0000 4533.2378 0.1448
2022 10 17 0 3.2000 146.2200 0.8000 3.2000 0.0000 5864.6807 0.0000 59.6488 62.7208 40.1086 0.0000 5864.6807 0.1451
2022 10 18 0 3.2000 163.8200 0.8000 3.2000 0.0000 6578.7723 0.0000 59.7230 62.7950 40.1585 0.0000 6578.7723 0.1452
2022 10 19 0 3.2000 159.7000 0.8000 3.2000 0.0000 6417.4979 0.0000 59.7619 62.8339 40.1847 0.0000 6417.4979 0.1453
2022 10 20 0 3.2000 142.1100 0.8000 3.2000 0.0000 5709.4949 0.0000 59.7499 62.8219 40.1766 0.0000 5709.4949 0.1453
2022 10 21 0 3.2000 157.4800 0.8000 3.2000 0.0000 6321.0877 0.0000 59.6940 62.7660 40.1390 0.0000 6321.0877 0.1452
2022 10 22 0 3.2000 142.0700 0.8000 3.2000 0.0000 5695.1106 0.0000 59.6161 62.6881 40.0866 0.0000 5695.1106 0.1450
2022 10 23 0 3.2000 99.6700 0.8000 3.2000 0.0000 3997.8047 0.0000 59.6515 62.7235 40.1104 0.0000 3997.8047 0.1451
2022 10 24 0 3.2000 85.2000 0.8000 3.2000 0.0000 3430.5028 0.0000 59.8800 62.9520 40.2641 0.0000 3430.5028 0.1456
2022 10 25 0 3.2000 110.5100 0.8000 3.2000 0.0000 4466.0753 0.0000 60.1019 63.1739 40.4133 0.0000 4466.0753 0.1462
2022 10 26 0 3.2000 121.4900 0.8000 3.2000 0.0000 4946.7955 0.0000 60.5546 63.6266 40.7177 0.0000 4946.7955 0.1473
2022 10 27 0 3.2000 117.6600 0.8000 3.2000 0.0000 4833.4230 0.0000 61.0928 64.1648 41.0796 0.0000 4833.4230 0.1486
2022 10 28 0 3.2000 103.2200 0.8000 3.2000 0.0000 4256.5030 0.0000 61.3272 64.3992 41.2372 0.0000 4256.5030 0.1492
2022 10 29 0 3.2000 101.6200 0.8000 3.2000 0.0000 4204.2786 0.0000 61.5285 64.6005 41.3725 0.0000 4204.2786 0.1496
2022 10 30 0 3.2000 117.9300 0.8000 3.2000 0.0000 4896.6593 0.0000 61.7504 64.8224 41.5217 0.0000 4896.6593 0.1502
2022 10 31 0 3.2000 144.1300 0.8000 3.2000 0.0000 5994.8907 0.0000 61.8573 64.9293 41.5936 0.0000 5994.8907 0.1504
2022 11 1 0 3.2000 72.4900 0.8000 3.2000 0.0000 3015.8638 0.0000 61.8725 64.9445 41.6039 0.0000 3015.8638 0.1505
2022 11 2 0 3.2000 71.1700 0.8000 3.2000 0.0000 2966.0846 0.0000 61.9798 65.0518 41.6761 0.0000 2966.0846 0.1507
2022 11 3 0 3.2000 86.5000 0.8000 3.2000 0.0000 3630.5550 0.0000 62.4196 65.4916 41.9717 0.0000 3630.5550 0.1518
2022 11 4 0 3.2000 72.6700 0.8000 3.2000 0.0000 3081.4095 0.0000 63.0606 66.1326 42.4028 0.0000 3081.4095 0.1534
2022 11 5 0 3.2000 47.6500 0.8000 3.2000 0.0000 2037.2474 0.0000 63.5835 66.6556 42.7544 0.0000 2037.2474 0.1546
2022 11 6 0 3.2000 35.7500 0.8000 3.2000 0.0000 1535.2769 0.0000 63.8667 66.9387 42.9448 0.0000 1535.2769 0.1553
2022 11 7 0 3.2000 43.8300 0.8000 3.2000 0.0000 1884.0772 0.0000 63.9280 67.0000 42.9860 0.0000 1884.0772 0.1555
2022 11 8 0 3.2000 51.0900 0.8000 3.2000 0.0000 2196.1556 0.0000 63.9280 67.0000 42.9860 0.0000 2196.1556 0.1555
2022 11 9 0 3.2000 42.5700 0.8000 3.2000 0.0000 1829.9147 0.0000 63.9280 67.0000 42.9860 0.0000 1829.9147 0.1555
2022 11 10 0 3.2000 27.4000 0.8000 3.2000 0.0000 1177.8168 0.0000 63.9280 67.0000 42.9860 0.0000 1177.8168 0.1555
2022 11 11 0 3.2000 2.0000 0.8000 3.2000 0.0000 85.9720 0.0000 63.9280 67.0000 42.9860 0.0000 85.9720 0.1555
2022 11 12 0 3.2000 2.3700 0.8000 3.2000 0.0000 101.8769 0.0000 63.9280 67.0000 42.9860 0.0000 101.8769 0.1555
2022 11 13 0 3.2000 29.9300 0.8000 3.2000 0.0000 1286.5715 0.0000 63.9280 67.0000 42.9860 0.0000 1286.5715 0.1555
2022 11 14 0 3.2000 53.6800 0.8000 3.2000 0.0000 2307.4894 0.0000 63.9280 67.0000 42.9860 0.0000 2307.4894 0.1555
2022 11 15 0 3.2000 53.7500 0.8000 3.2000 0.0000 2310.4984 0.0000 63.9280 67.0000 42.9860 0.0000 2310.4984 0.1555
2022 11 16 0 3.2000 27.6900 0.8000 3.2000 0.0000 1190.2828 0.0000 63.9280 67.0000 42.9860 0.0000 1190.2828 0.1555
2022 11 17 0 3.2000 48.9100 0.8000 3.2000 0.0000 2102.4461 0.0000 63.9280 67.0000 42.9860 0.0000 2102.4461 0.1555
2022 11 18 0 3.2000 113.7000 0.8000 3.2000 0.0000 4887.5099 0.0000 63.9280 67.0000 42.9860 0.0000 4887.5099 0.1555
2022 11 19 0 3.2000 167.1000 0.8000 3.2000 0.0000 7182.9636 0.0000 63.9280 67.0000 42.9860 0.0000 7182.9636 0.1555
2022 11 20 0 3.2000 162.8400 0.8000 3.2000 0.0000 6999.8428 0.0000 63.9280 67.0000 42.9860 0.0000 6999.8428 0.1555
2022 11 21 0 3.2000 209.5500 0.8000 3.2000 0.0000 9007.7199 0.0000 63.9280 67.0000 42.9860 0.0000 9007.7199 0.1555
2022 11 22 0 3.2000 174.4300 0.8000 3.2000 0.0000 7498.0505 0.0000 63.9280 67.0000 42.9860 0.0000 7498.0505 0.1555
2022 11 23 0 3.2000 149.8400 0.8000 3.2000 0.0000 6441.0245 0.0000 63.9280 67.0000 42.9860 0.0000 6441.0245 0.1555
2022 11 24 0 3.2000 172.1800 0.8000 3.2000 0.0000 7401.3320 0.0000 63.9280 67.0000 42.9860 0.0000 7401.3320 0.1555
2022 11 25 0 3.2000 200.3300 0.8000 3.2000 0.0000 8611.3888 0.0000 63.9280 67.0000 42.9860 0.0000 8611.3888 0.1555
2022 11 26 0 3.2000 196.0200 0.8000 3.2000 0.0000 8426.1191 0.0000 63.9280 67.0000 42.9860 0.0000 8426.1191 0.1555
2022 11 27 0 3.2000 146.0400 0.8000 3.2000 0.0000 6277.6776 0.0000 63.9280 67.0000 42.9860 0.0000 6277.6776 0.1555
2022 11 28 0 3.2000 195.3000 0.8000 3.2000 0.0000 8395.1691 0.0000 63.9280 67.0000 42.9860 0.0000 8395.1691 0.1555
2022 11 29 0 3.2000 362.5600 0.8000 3.2000 0.0000 15585.0100 0.0000 63.9280 67.0000 42.9860 0.0000 15585.0100 0.1555
2022 11 30 0 3.2000 364.6000 0.8000 3.2000 0.0000 15672.7019 0.0000 63.9280 67.0000 42.9860 0.0000 15672.7019 0.1555
2022 12 1 0 3.2000 349.6500 0.8000 3.2000 0.0000 15030.0604 0.0000 63.9280 67.0000 42.9860 0.0000 15030.0604 0.1555
2022 12 2 0 3.2000 324.9900 0.8000 3.2000 0.0000 13970.0251 0.0000 63.9280 67.0000 42.9860 0.0000 13970.0251 0.1555
2022 12 3 0 3.2000 268.8200 0.8000 3.2000 0.0000 11555.5013 0.0000 63.9280 67.0000 42.9860 0.0000 11555.5013 0.1555
2022 12 4 0 3.2000 271.5000 0.8000 3.2000 0.0000 11670.7035 0.0000 63.9280 67.0000 42.9860 0.0000 11670.7035 0.1555
2022 12 5 0 3.2000 290.7800 0.8000 3.2000 0.0000 12499.2906 0.0000 63.9271 66.9991 42.9854 0.0000 12499.2906 0.1555
2022 12 6 0 3.2000 346.8000 0.8000 3.2000 0.0000 14890.4482 0.0000 63.8547 66.9267 42.9367 0.0000 14890.4482 0.1553
2022 12 7 0 3.2000 334.1100 0.8000 3.2000 0.0000 14313.9491 0.0000 63.7139 66.7859 42.8420 0.0000 14313.9491 0.1550
2022 12 8 0 3.2000 399.0300 0.8000 3.2000 0.0000 17059.1262 0.0000 63.5792 66.6512 42.7515 0.0000 17059.1262 0.1546
2022 12 9 0 3.2000 418.6900 0.8000 3.2000 0.0000 17864.4833 0.0000 63.4544 66.5264 42.6676 0.0000 17864.4833 0.1543
2022 12 10 0 3.2000 362.9800 0.8000 3.2000 0.0000 15458.4310 0.0000 63.3354 66.4074 42.5876 0.0000 15458.4310 0.1540
2022 12 11 0 3.2000 338.6100 0.8000 3.2000 0.0000 14394.5988 0.0000 63.2213 66.2933 42.5109 0.0000 14394.5988 0.1538
2022 12 12 0 3.2000 446.1100 0.8000 3.2000 0.0000 18931.9078 0.0000 63.1126 66.1846 42.4378 0.0000 18931.9078 0.1535
2022 12 13 0 3.2000 458.6300 0.8000 3.2000 0.0000 19428.6029 0.0000 63.0004 66.0724 42.3623 0.0000 19428.6029 0.1532
2022 12 14 0 3.2000 451.4100 0.8000 3.2000 0.0000 19085.9504 0.0000 62.8791 65.9511 42.2807 0.0000 19085.9504 0.1529
2022 12 15 0 3.2000 396.6100 0.8000 3.2000 0.0000 16733.7719 0.0000 62.7472 65.8192 42.1920 0.0000 16733.7719 0.1526
2022 12 16 0 3.2000 413.8400 0.8000 3.2000 0.0000 17421.2801 0.0000 62.6054 65.6774 42.0967 0.0000 17421.2801 0.1523
2022 12 17 0 3.2000 254.6500 0.8000 3.2000 0.0000 10694.4829 0.0000 62.4568 65.5288 41.9968 0.0000 10694.4829 0.1519
2022 12 18 0 3.2000 206.4000 0.8000 3.2000 0.0000 8647.4016 0.0000 62.3074 65.3794 41.8963 0.0000 8647.4016 0.1515
2022 12 19 0 3.2000 211.4800 0.8000 3.2000 0.0000 8840.1335 0.0000 62.1661 65.2381 41.8013 0.0000 8840.1335 0.1512
2022 12 20 0 3.2000 205.2500 0.8000 3.2000 0.0000 8563.7833 0.0000 62.0507 65.1227 41.7237 0.0000 8563.7833 0.1509
2022 12 21 0 3.2000 223.3000 0.8000 3.2000 0.0000 9313.4029 0.0000 62.0274 65.0994 41.7080 0.0000 9313.4029 0.1509
2022 12 22 0 3.2000 201.9700 0.8000 3.2000 0.0000 8431.1823 0.0000 62.0820 65.1540 41.7447 0.0000 8431.1823 0.1510
2022 12 23 0 3.2000 193.2900 0.8000 3.2000 0.0000 8070.8145 0.0000 62.0972 65.1692 41.7550 0.0000 8070.8145 0.1510
2022 12 24 0 3.2000 142.3700 0.8000 3.2000 0.0000 5938.3144 0.0000 62.0310 65.1030 41.7104 0.0000 5938.3144 0.1509
2022 12 25 0 3.2000 129.4400 0.8000 3.2000 0.0000 5388.6032 0.0000 61.9115 64.9835 41.6301 0.0000 5388.6032 0.1506
2022 12 26 0 3.2000 111.7200 0.8000 3.2000 0.0000 4645.6078 0.0000 61.8409 64.9129 41.5826 0.0000 4645.6078 0.1504
2022 12 27 0 3.2000 141.3500 0.8000 3.2000 0.0000 5874.5115 0.0000 61.8073 64.8793 41.5600 0.0000 5874.5115 0.1503
2022 12 28 0 3.2000 122.1300 0.8000 3.2000 0.0000 5068.0861 0.0000 61.7143 64.7863 41.4975 0.0000 5068.0861 0.1501
2022 12 29 0 3.2000 96.2800 0.8000 3.2000 0.0000 3987.2965 0.0000 61.5895 64.6615 41.4135 0.0000 3987.2965 0.1498
2022 12 30 0 3.2000 100.4100 0.8000 3.2000 0.0000 4149.4249 0.0000 61.4575 64.5295 41.3248 0.0000 4149.4249 0.1495
2022 12 31 0 3.2000 116.2200 0.8000 3.2000 0.0000 4793.4711 0.0000 61.3385 64.4105 41.2448 0.0000 4793.4711 0.1492
2023 1 1 0 3.2000 112.5700 0.8000 3.2000 0.0000 4634.1238 0.0000 61.2222 64.2942 41.1666 0.0000 4634.1238 0.1489
2023 1 2 0 3.2000 149.2600 0.8000 3.2000 0.0000 6130.1591 0.0000 61.0790 64.1510 41.0703 0.0000 6130.1591 0.1485
2023 1 3 0 3.2000 154.5400 0.8000 3.2000 0.0000 6330.4618 0.0000 60.9198 63.9918 40.9633 0.0000 6330.4618 0.1482
2023 1 4 0 3.2000 114.6400 0.8000 3.2000 0.0000 4682.9244 0.0000 60.7498 63.8218 40.8490 0.0000 4682.9244 0.1477
2023 1 5 0 3.2000 144.1600 0.8000 3.2000 0.0000 5873.9124 0.0000 60.5964 63.6684 40.7458 0.0000 5873.9124 0.1474
2023 1 6 0 3.2000 126.0400 0.8000 3.2000 0.0000 5123.3909 0.0000 60.4523 63.5243 40.6489 0.0000 5123.3909 0.1470
2023 1 7 0 0.0000 102.5400 0.0000 0.0000 0.0000 0.0000 1.0000 63.5127 63.5127 0.0000 0.0000 -1.0000 0.0000
2023 1 8 0 0.0000 75.8000 0.0000 0.0000 0.0000 0.0000 0.0000 63.7100 63.7100 0.0000 0.0000 0.0000 0.0000
2023 1 9 0 0.0000 133.2800 0.0000 0.0000 0.0000 0.0000 0.0000 64.0316 64.0316 0.0000 0.0000 0.0000 0.0000
2023 1 10 0 0.0000 130.4400 0.0000 0.0000 0.0000 0.0000 0.0000 64.3626 64.3626 0.0000 0.0000 0.0000 0.0000
2023 1 11 0 0.0000 96.6800 0.0000 0.0000 0.0000 0.0000 0.0000 64.6194 64.6194 0.0000 0.0000 0.0000 0.0000
2023 1 12 0 0.0000 89.9500 0.0000 0.0000 0.0000 0.0000 0.0000 64.8359 64.8359 0.0000 0.0000 0.0000 0.0000
2023 1 13 0 0.0000 82.8000 0.0000 0.0000 0.0000 0.0000 0.0000 65.0216 65.0216 0.0000 0.0000 0.0000 0.0000
2023 1 14 0 0.0000 94.7100 0.0000 0.0000 0.0000 0.0000 0.0000 65.1804 65.1804 0.0000 0.0000 0.0000 0.0000
2023 1 15 0 0.0000 70.7800 0.0000 0.0000 0.0000 0.0000 0.0000 65.3231 65.3231 0.0000 0.0000 0.0000 0.0000
2023 1 16 0 0.0000 139.7600 0.0000 0.0000 0.0000 0.0000 0.0000 65.4595 65.4595 0.0000 0.0000 0.0000 0.0000
2023 1 17 0 0.0000 134.1900 0.0000 0.0000 0.0000 0.0000 0.0000 65.5897 65.5897 0.0000 0.0000 0.0000 0.0000
2023 1 18 0 0.0000 138.3800 0.0000 0.0000 0.0000 0.0000 0.0000 65.7163 65.7163 0.0000 0.0000 0.0000 0.0000
2023 1 19 0 0.0000 148.5600 0.0000 0.0000 0.0000 0.0000 0.0000 65.8357 65.8357 0.0000 0.0000 0.0000 0.0000
2023 1 20 0 0.0000 162.5000 0.0000 0.0000 0.0000 0.0000 0.0000 65.9458 65.9458 0.0000 0.0000 0.0000 0.0000
2023 1 21 0 0.0000 150.1900 0.0000 0.0000 0.0000 0.0000 0.0000 66.0509 66.0509 0.0000 0.0000 0.0000 0.0000
2023 1 22 0 0.0000 151.8000 0.0000 0.0000 0.0000 0.0000 0.0000 66.1529 66.1529 0.0000 0.0000 0.0000 0.0000
2023 1 23 0 0.0000 197.7300 0.0000 0.0000 0.0000 0.0000 0.0000 66.2625 66.2625 0.0000 0.0000 0.0000 0.0000
2023 1 24 0 0.0000 184.5400 0.0000 0.0000 0.0000 0.0000 0.0000 66.3739 66.3739 0.0000 0.0000 0.0000 0.0000
2023 1 25 0 0.0000 137.5700 0.0000 0.0000 0.0000 0.0000 0.0000 66.4794 66.4794 0.0000 0.0000 0.0000 0.0000
2023 1 26 0 0.0000 132.3800 0.0000 0.0000 0.0000 0.0000 0.0000 66.5917 66.5917 0.0000 0.0000 0.0000 0.0000
2023 1 27 0 0.0000 154.0500 0.0000 0.0000 0.0000 0.0000 0.0000 66.7076 66.7076 0.0000 0.0000 0.0000 0.0000
2023 1 28 0 0.0000 116.8100 0.0000 0.0000 0.0000 0.0000 0.0000 66.8158 66.8158 0.0000 0.0000 0.0000 0.0000
2023 1 29 0 0.0000 102.3700 0.0000 0.0000 0.0000 0.0000 0.0000 66.9305 66.9305 0.0000 0.0000 0.0000 0.0000
2023 1 30 0 0.0000 90.0000 0.0000 0.0000 0.0000 0.0000 0.0000 66.9966 66.9966 0.0000 0.0000 0.0000 0.0000
2023 1 31 0 0.0000 105.1200 0.0000 0.0000 0.0000 0.0000 0.0000 67.0000 67.0000 0.0000 0.0000 0.0000 0.0000
2023 2 1 0 0.0000 103.8300 0.0000 0.0000 0.0000 0.0000 0.0000 67.0000 67.0000 0.0000 0.0000 0.0000 0.0000
2023 2 2 0 0.0000 145.2800 0.0000 0.0000 0.0000 0.0000 0.0000 67.0000 67.0000 0.0000 0.0000 0.0000 0.0000
2023 2 3 0 0.0000 113.1000 0.0000 0.0000 0.0000 0.0000 0.0000 67.0000 67.0000 0.0000 0.0000 0.0000 0.0000
2023 2 4 0 0.0000 138.8200 0.0000 0.0000 0.0000 0.0000 0.0000 67.0000 67.0000 0.0000 0.0000 0.0000 0.0000
2023 2 5 0 0.0000 122.8300 0.0000 0.0000 0.0000 0.0000 0.0000 67.0000 67.0000 0.0000 0.0000 0.0000 0.0000
2023 2 6 0 0.0000 161.3800 0.0000 0.0000 0.0000 0.0000 0.0000 67.0000 67.0000 0.0000 0.0000 0.0000 0.0000
2023 2 7 0 0.0000 132.4500 0.0000 0.0000 0.0000 0.0000 0.0000 67.0000 67.0000 0.0000 0.0000 0.0000 0.0000
2023 2 8 0 0.0000 120.3300 0.0000 0.0000 0.0000 0.0000 0.0000 67.0000 67.0000 0.0000 0.0000 0.0000 0.0000
2023 2 9 0 0.0000 98.3400 0.0000 0.0000 0.0000 0.0000 0.0000 67.0000 67.0000 0.0000 0.0000 0.0000 0.0000
2023 2 10 0 0.0000 97.5400 0.0000 0.0000 0.0000 0.0000 0.0000 67.0000 67.0000 0.0000 0.0000 0.0000 0.0000
2023 2 11 0 0.0000 94.6300 0.0000 0.0000 0.0000 0.0000 0.0000 67.0000 67.0000 0.0000 0.0000 0.0000 0.0000
2023 2 12 0 0.0000 111.6200 0.0000 0.0000 0.0000 0.0000 0.0000 67.0000 67.0000 0.0000 0.0000 0.0000 0.0000
2023 2 13 0 0.0000 115.7800 0.0000 0.0000 0.0000 0.0000 0.0000 67.0000 67.0000 0.0000 0.0000 0.0000 0.0000
2023 2 14 0 0.0000 140.8300 0.0000 0.0000 0.0000 0.0000 0.0000 67.0000 67.0000 0.0000 0.0000 0.0000 0.0000
2023 2 15 0 0.0000 122.5300 0.0000 0.0000 0.0000 0.0000 0.0000 67.0000 67.0000 0.0000 0.0000 0.0000 0.0000
2023 2 16 0 0.0000 120.9800 0.0000 0.0000 0.0000 0.0000 0.0000 67.0000 67.0000 0.0000 0.0000 0.0000 0.0000
2023 2 17 0 0.0000 92.1200 0.0000 0.0000 0.0000 0.0000 0.0000 67.0000 67.0000 0.0000 0.0000 0.0000 0.0000
2023 2 18 0 0.0000 97.8800 0.0000 0.0000 0.0000 0.0000 0.0000 67.0000 67.0000 0.0000 0.0000 0.0000 0.0000
2023 2 19 0 0.0000 107.6300 0.0000 0.0000 0.0000 0.0000 0.0000 67.0000 67.0000 0.0000 0.0000 0.0000 0.0000
2023 2 20 0 0.0000 77.5600 0.0000 0.0000 0.0000 0.0000 0.0000 67.0000 67.0000 0.0000 0.0000 0.0000 0.0000
2023 2 21 0 0.0000 106.7100 0.0000 0.0000 0.0000 0.0000 0.0000 67.0000 67.0000 0.0000 0.0000 0.0000 0.0000
2023 2 22 0 0.0000 118.3800 0.0000 0.0000 0.0000 0.0000 0.0000 67.0000 67.0000 0.0000 0.0000 0.0000 0.0000
2023 2 23 0 0.0000 116.1600 0.0000 0.0000 0.0000 0.0000 0.0000 67.0000 67.0000 0.0000 0.0000 0.0000 0.0000
2023 2 24 0 0.0000 103.8000 0.0000 0.0000 0.0000 0.0000 0.0000 67.0000 67.0000 0.0000 0.0000 0.0000 0.0000
2023 2 25 0 0.0000 97.6000 0.0000 0.0000 0.0000 0.0000 0.0000 67.0000 67.0000 0.0000 0.0000 0.0000 0.0000
2023 2 26 0 0.0000 111.9200 0.0000 0.0000 0.0000 0.0000 0.0000 67.0000 67.0000 0.0000 0.0000 0.0000 0.0000
2023 2 27 0 0.0000 124.5700 0.0000 0.0000 0.0000 0.0000 0.0000 67.0000 67.0000 0.0000 0.0000 0.0000 0.0000
2023 2 28 0 0.0000 124.0900 0.0000 0.0000 0.0000 0.0000 0.0000 67.0000 67.0000 0.0000 0.0000 0.0000 0.0000
2023 3 1 0 0.0000 130.8400 0.0000 0.0000 0.0000 0.0000 0.0000 67.0000 67.0000 0.0000 0.0000 0.0000 0.0000
2023 3 2 0 0.0000 120.4000 0.0000 0.0000 0.0000 0.0000 0.0000 67.0000 67.0000 0.0000 0.0000 0.0000 0.0000
2023 3 3 0 0.0000 115.5800 0.0000 0.0000 0.0000 0.0000 0.0000 67.0000 67.0000 0.0000 0.0000 0.0000 0.0000
2023 3 4 0 2.1600 112.2200 0.5400 2.1600 0.0000 3161.6648 1.0000 65.6003 67.0000 28.1738 0.0000 3160.6648 0.1510
2023 3 5 0 4.0000 129.9600 1.0000 4.0000 0.0000 0.0000 0.0000 62.2000 67.0000 0.0000 0.0000 0.0000 0.0000
2023 3 6 0 4.0000 153.1300 1.0000 4.0000 0.0000 0.0000 0.0000 62.1731 66.9731 0.0000 0.0000 0.0000 0.0000
2023 3 7 0 4.0000 116.0800 1.0000 4.0000 0.0000 0.0000 0.0000 62.0057 66.8057 0.0000 0.0000 0.0000 0.0000
2023 3 8 0 4.0000 150.8300 1.0000 4.0000 0.0000 0.0000 0.0000 61.7238 66.5238 0.0000 0.0000 0.0000 0.0000
2023 3 9 0 4.0000 138.5100 1.0000 4.0000 0.0000 0.0000 0.0000 61.4371 66.2371 0.0000 0.0000 0.0000 0.0000
2023 3 10 0 4.0000 127.3700 1.0000 4.0000 0.0000 0.0000 0.0000 61.1428 65.9428 0.0000 0.0000 0.0000 0.0000
2023 3 11 0 4.0000 110.5300 1.0000 4.0000 0.0000 0.0000 0.0000 60.8430 65.6430 0.0000 0.0000 0.0000 0.0000
2023 3 12 0 4.0000 106.8200 1.0000 4.0000 0.0000 0.0000 0.0000 60.5438 65.3438 0.0000 0.0000 0.0000 0.0000
2023 3 13 0 4.0000 94.6800 1.0000 4.0000 0.0000 0.0000 0.0000 60.2463 65.0463 0.0000 0.0000 0.0000 0.0000
2023 3 14 0 4.0000 102.8300 1.0000 4.0000 0.0000 0.0000 0.0000 59.9475 64.7475 0.0000 0.0000 0.0000 0.0000
2023 3 15 0 4.0000 121.6400 1.0000 4.0000 0.0000 0.0000 0.0000 59.6460 64.4460 0.0000 0.0000 0.0000 0.0000
2023 3 16 0 4.0000 112.8100 1.0000 4.0000 0.0000 0.0000 0.0000 59.3409 64.1409 0.0000 0.0000 0.0000 0.0000
2023 3 17 0 4.0000 104.1500 1.0000 4.0000 0.0000 0.0000 0.0000 59.0358 63.8358 0.0000 0.0000 0.0000 0.0000
2023 3 18 0 4.0000 109.0000 1.0000 4.0000 0.0000 0.0000 0.0000 58.7379 63.5379 0.0000 0.0000 0.0000 0.0000
2023 3 19 0 4.0000 110.0900 1.0000 4.0000 0.0000 0.0000 0.0000 58.4435 63.2435 0.0000 0.0000 0.0000 0.0000
2023 3 20 0 4.0000 116.7600 1.0000 4.0000 0.0000 0.0000 0.0000 58.1501 62.9501 0.0000 0.0000 0.0000 0.0000
2023 3 21 0 4.0000 111.3100 1.0000 4.0000 0.0000 0.0000 0.0000 57.8597 62.6597 0.0000 0.0000 0.0000 0.0000
2023 3 22 0 4.0000 92.3600 1.0000 4.0000 0.0000 0.0000 0.0000 57.5703 62.3703 0.0000 0.0000 0.0000 0.0000
2023 3 23 0 4.0000 86.1100 1.0000 4.0000 0.0000 0.0000 0.0000 57.2854 62.0854 0.0000 0.0000 0.0000 0.0000
2023 3 24 0 4.0000 83.8300 1.0000 4.0000 0.0000 0.0000 0.0000 57.0138 61.8138 0.0000 0.0000 0.0000 0.0000
2023 3 25 0 4.0000 73.3600 1.0000 4.0000 0.0000 0.0000 0.0000 56.7624 61.5624 0.0000 0.0000 0.0000 0.0000
2023 3 26 0 4.0000 92.4600 1.0000 4.0000 0.0000 0.0000 0.0000 56.5262 61.3262 0.0000 0.0000 0.0000 0.0000
2023 3 27 0 4.0000 100.9400 1.0000 4.0000 0.0000 0.0000 0.0000 56.2981 61.0981 0.0000 0.0000 0.0000 0.0000
2023 3 28 0 4.0000 123.8500 1.0000 4.0000 0.0000 0.0000 0.0000 56.0771 60.8771 0.0000 0.0000 0.0000 0.0000
2023 3 29 0 4.0000 127.0200 1.0000 4.0000 0.0000 0.0000 0.0000 55.8521 60.6521 0.0000 0.0000 0.0000 0.0000
2023 3 30 0 4.0000 103.7800 1.0000 4.0000 0.0000 0.0000 0.0000 55.6168 60.4168 0.0000 0.0000 0.0000 0.0000
2023 3 31 0 2.8400 111.8200 0.7100 2.8400 0.0000 3862.0527 0.0000 57.8754 60.2951 34.5381 0.0000 3862.0527 0.1408
2023 4 1 0 0.0000 97.9300 0.0000 0.0000 0.0000 0.0000 1.0000 60.6244 60.6244 0.0000 0.0000 -1.0000 0.0000
2023 4 2 0 0.0000 105.1000 0.0000 0.0000 0.0000 0.0000 0.0000 61.2627 61.2627 0.0000 0.0000 0.0000 0.0000
2023 4 3 0 0.0000 126.4800 0.0000 0.0000 0.0000 0.0000 0.0000 61.7695 61.7695 0.0000 0.0000 0.0000 0.0000
2023 4 4 0 0.0000 133.1300 0.0000 0.0000 0.0000 0.0000 0.0000 62.0970 62.0970 0.0000 0.0000 0.0000 0.0000
2023 4 5 0 0.0000 130.9100 0.0000 0.0000 0.0000 0.0000 0.0000 62.3269 62.3269 0.0000 0.0000 0.0000 0.0000
2023 4 6 0 0.0000 125.8900 0.0000 0.0000 0.0000 0.0000 0.0000 62.5211 62.5211 0.0000 0.0000 0.0000 0.0000
2023 4 7 0 0.0000 117.9200 0.0000 0.0000 0.0000 0.0000 0.0000 62.6879 62.6879 0.0000 0.0000 0.0000 0.0000
2023 4 8 0 0.0000 120.6500 0.0000 0.0000 0.0000 0.0000 0.0000 62.8297 62.8297 0.0000 0.0000 0.0000 0.0000
2023 4 9 0 0.0000 110.2100 0.0000 0.0000 0.0000 0.0000 0.0000 62.9554 62.9554 0.0000 0.0000 0.0000 0.0000
2023 4 10 0 0.0000 54.3700 0.0000 0.0000 0.0000 0.0000 0.0000 63.0758 63.0758 0.0000 0.0000 0.0000 0.0000
2023 4 11 0 0.2800 84.4600 0.0700 0.2800 0.0000 47.3202 1.0000 63.2567 63.2802 0.5603 0.0000 46.3202 0.0232
2023 4 12 0 3.2000 111.9800 0.8000 3.2000 0.0000 4543.9605 0.0000 60.3473 63.4193 40.5783 0.0000 4543.9605 0.1468
2023 4 13 0 3.2000 107.2100 0.8000 3.2000 0.0000 4349.7568 0.0000 60.3384 63.4104 40.5723 0.0000 4349.7568 0.1467
2023 4 14 0 3.2000 118.9300 0.8000 3.2000 0.0000 4826.0513 0.0000 60.3482 63.4202 40.5789 0.0000 4826.0513 0.1468
2023 4 15 0 3.2000 111.6600 0.8000 3.2000 0.0000 4532.7220 0.0000 60.3706 63.4426 40.5940 0.0000 4532.7220 0.1468
2023 4 16 0 3.2000 115.1500 0.8000 3.2000 0.0000 4675.6418 0.0000 60.3867 63.4587 40.6048 0.0000 4675.6418 0.1469
2023 4 17 0 3.2000 125.4800 0.8000 3.2000 0.0000 5097.1652 0.0000 60.4113 63.4833 40.6213 0.0000 5097.1652 0.1469
2023 4 18 0 3.2000 114.7600 0.8000 3.2000 0.0000 4665.1564 0.0000 60.4560 63.5280 40.6514 0.0000 4665.1564 0.1470
2023 4 19 0 3.2000 108.7500 0.8000 3.2000 0.0000 4425.9116 0.0000 60.5254 63.5974 40.6980 0.0000 4425.9116 0.1472
2023 4 20 0 3.2000 111.1600 0.8000 3.2000 0.0000 4532.2194 0.0000 60.6354 63.7074 40.7720 0.0000 4532.2194 0.1475
2023 4 21 0 3.2000 107.9900 0.8000 3.2000 0.0000 4415.9325 0.0000 60.8139 63.8859 40.8921 0.0000 4415.9325 0.1479
2023 4 22 0 3.2000 98.4000 0.8000 3.2000 0.0000 4040.9744 0.0000 61.0738 64.1458 41.0668 0.0000 4040.9744 0.1485
2023 4 23 0 3.2000 97.8600 0.8000 3.2000 0.0000 4042.2587 0.0000 61.4303 64.5023 41.3065 0.0000 4042.2587 0.1494
2023 4 24 0 3.2000 116.5300 0.8000 3.2000 0.0000 4845.3839 0.0000 61.8378 64.9098 41.5806 0.0000 4845.3839 0.1504
2023 4 25 0 3.2000 104.4700 0.8000 3.2000 0.0000 4369.7529 0.0000 62.2056 65.2776 41.8278 0.0000 4369.7529 0.1513
2023 4 26 0 3.2000 114.3700 0.8000 3.2000 0.0000 4806.1065 0.0000 62.4950 65.5670 42.0224 0.0000 4806.1065 0.1520
2023 4 27 0 3.2000 123.3800 0.8000 3.2000 0.0000 5201.4661 0.0000 62.6967 65.7687 42.1581 0.0000 5201.4661 0.1525
2023 4 28 0 3.2000 121.7100 0.8000 3.2000 0.0000 5141.7888 0.0000 62.8278 65.8998 42.2462 0.0000 5141.7888 0.1528
2023 4 29 0 3.2000 112.7000 0.8000 3.2000 0.0000 4768.0657 0.0000 62.9191 65.9911 42.3076 0.0000 4768.0657 0.1530
2023 4 30 0 3.2000 99.7900 0.8000 3.2000 0.0000 4226.4373 0.0000 62.9871 66.0591 42.3533 0.0000 4226.4373 0.1532
2023 5 1 0 3.2000 106.3400 0.8000 3.2000 0.0000 4507.7217 0.0000 63.0412 66.1132 42.3897 0.0000 4507.7217 0.1533
2023 5 2 0 3.2000 121.7900 0.8000 3.2000 0.0000 5167.3687 0.0000 63.0989 66.1709 42.4285 0.0000 5167.3687 0.1535
2023 5 3 0 3.2000 118.1800 0.8000 3.2000 0.0000 5020.1738 0.0000 63.1740 66.2460 42.4790 0.0000 5020.1738 0.1536
2023 5 4 0 3.2000 112.1600 0.8000 3.2000 0.0000 4771.1638 0.0000 63.2631 66.3351 42.5389 0.0000 4771.1638 0.1539
2023 5 5 0 3.2000 97.5700 0.8000 3.2000 0.0000 4156.1559 0.0000 63.3490 66.4210 42.5967 0.0000 4156.1559 0.1541
2023 5 6 0 3.2000 94.9300 0.8000 3.2000 0.0000 4047.8412 0.0000 63.4138 66.4858 42.6403 0.0000 4047.8412 0.1542
2023 5 7 0 3.2000 88.0500 0.8000 3.2000 0.0000 3756.7539 0.0000 63.4523 66.5243 42.6661 0.0000 3756.7539 0.1543
2023 5 8 0 3.2000 102.0400 0.8000 3.2000 0.0000 4356.0779 0.0000 63.4876 66.5596 42.6899 0.0000 4356.0779 0.1544
2023 5 9 0 3.2000 96.1600 0.8000 3.2000 0.0000 4111.5405 0.0000 63.5878 66.6598 42.7573 0.0000 4111.5405 0.1546
2023 5 10 0 3.2000 94.0200 0.8000 3.2000 0.0000 4033.2528 0.0000 63.7968 66.8688 42.8978 0.0000 4033.2528 0.1552
2023 5 11 0 0.9200 101.3600 0.2300 0.9200 0.0000 646.9060 0.0000 66.7461 67.0000 6.3823 0.0000 646.9060 0.0803
2023 5 12 0 0.0000 91.5000 0.0000 0.0000 0.0000 0.0000 1.0000 67.0000 67.0000 0.0000 0.0000 -1.0000 0.0000
2023 5 13 0 0.0000 74.6100 0.0000 0.0000 0.0000 0.0000 0.0000 67.0000 67.0000 0.0000 0.0000 0.0000 0.0000
2023 5 14 0 0.0000 72.7500 0.0000 0.0000 0.0000 0.0000 0.0000 67.0000 67.0000 0.0000 0.0000 0.0000 0.0000
2023 5 15 0 0.0000 94.8900 0.0000 0.0000 0.0000 0.0000 0.0000 67.0000 67.0000 0.0000 0.0000 0.0000 0.0000
2023 5 16 0 0.0000 63.0700 0.0000 0.0000 0.0000 0.0000 0.0000 67.0000 67.0000 0.0000 0.0000 0.0000 0.0000
2023 5 17 0 0.0000 54.3000 0.0000 0.0000 0.0000 0.0000 0.0000 67.0000 67.0000 0.0000 0.0000 0.0000 0.0000
2023 5 18 0 0.0000 88.1100 0.0000 0.0000 0.0000 0.0000 0.0000 67.0000 67.0000 0.0000 0.0000 0.0000 0.0000
2023 5 19 0 0.0000 92.9400 0.0000 0.0000 0.0000 0.0000 0.0000 67.0000 67.0000 0.0000 0.0000 0.0000 0.0000
2023 5 20 0 0.0000 52.6300 0.0000 0.0000 0.0000 0.0000 0.0000 67.0000 67.0000 0.0000 0.0000 0.0000 0.0000
2023 5 21 0 0.0000 37.1300 0.0000 0.0000 0.0000 0.0000 0.0000 67.0000 67.0000 0.0000 0.0000 0.0000 0.0000
2023 5 22 0 0.0000 84.4700 0.0000 0.0000 0.0000 0.0000 0.0000 67.0000 67.0000 0.0000 0.0000 0.0000 0.0000
2023 5 23 0 0.0000 63.0000 0.0000 0.0000 0.0000 0.0000 0.0000 67.0000 67.0000 0.0000 0.0000 0.0000 0.0000
2023 5 24 0 0.0000 82.4800 0.0000 0.0000 0.0000 0.0000 0.0000 67.0000 67.0000 0.0000 0.0000 0.0000 0.0000
2023 5 25 0 0.0000 57.6600 0.0000 0.0000 0.0000 0.0000 0.0000 67.0000 67.0000 0.0000 0.0000 0.0000 0.0000
2023 5 26 0 0.0000 61.9200 0.0000 0.0000 0.0000 0.0000 0.0000 67.0000 67.0000 0.0000 0.0000 0.0000 0.0000
2023 5 27 0 0.0000 61.7400 0.0000 0.0000 0.0000 0.0000 0.0000 67.0000 67.0000 0.0000 0.0000 0.0000 0.0000
2023 5 28 0 0.0000 48.1500 0.0000 0.0000 0.0000 0.0000 0.0000 67.0000 67.0000 0.0000 0.0000 0.0000 0.0000
2023 5 29 0 0.0000 41.9900 0.0000 0.0000 0.0000 0.0000 0.0000 67.0000 67.0000 0.0000 0.0000 0.0000 0.0000
2023 5 30 0 0.0000 85.7800 0.0000 0.0000 0.0000 0.0000 0.0000 67.0000 67.0000 0.0000 0.0000 0.0000 0.0000
2023 5 31 0 0.0000 60.1500 0.0000 0.0000 0.0000 0.0000 0.0000 67.0000 67.0000 0.0000 0.0000 0.0000 0.0000
2023 6 1 0 0.0000 67.1300 0.0000 0.0000 0.0000 0.0000 0.0000 67.0000 67.0000 0.0000 0.0000 0.0000 0.0000
2023 6 2 0 0.0000 80.9600 0.0000 0.0000 0.0000 0.0000 0.0000 67.0000 67.0000 0.0000 0.0000 0.0000 0.0000
2023 6 3 0 0.0000 62.3200 0.0000 0.0000 0.0000 0.0000 0.0000 67.0000 67.0000 0.0000 0.0000 0.0000 0.0000
2023 6 4 0 0.0000 61.2100 0.0000 0.0000 0.0000 0.0000 0.0000 67.0000 67.0000 0.0000 0.0000 0.0000 0.0000
2023 6 5 0 0.0000 87.8500 0.0000 0.0000 0.0000 0.0000 0.0000 67.0000 67.0000 0.0000 0.0000 0.0000 0.0000
2023 6 6 0 0.0000 90.1800 0.0000 0.0000 0.0000 0.0000 0.0000 67.0000 67.0000 0.0000 0.0000 0.0000 0.0000
2023 6 7 0 0.0000 96.7800 0.0000 0.0000 0.0000 0.0000 0.0000 67.0000 67.0000 0.0000 0.0000 0.0000 0.0000
2023 6 8 0 0.0000 89.0900 0.0000 0.0000 0.0000 0.0000 0.0000 67.0000 67.0000 0.0000 0.0000 0.0000 0.0000
2023 6 9 0 0.0000 88.9200 0.0000 0.0000 0.0000 0.0000 0.0000 67.0000 67.0000 0.0000 0.0000 0.0000 0.0000
2023 6 10 0 0.0000 61.8300 0.0000 0.0000 0.0000 0.0000 0.0000 67.0000 67.0000 0.0000 0.0000 0.0000 0.0000
2023 6 11 0 0.0000 47.6500 0.0000 0.0000 0.0000 0.0000 0.0000 67.0000 67.0000 0.0000 0.0000 0.0000 0.0000
2023 6 12 0 0.0000 88.7900 0.0000 0.0000 0.0000 0.0000 0.0000 67.0000 67.0000 0.0000 0.0000 0.0000 0.0000
2023 6 13 0 0.0000 99.0700 0.0000 0.0000 0.0000 0.0000 0.0000 67.0000 67.0000 0.0000 0.0000 0.0000 0.0000
2023 6 14 0 0.0000 105.6600 0.0000 0.0000 0.0000 0.0000 0.0000 67.0000 67.0000 0.0000 0.0000 0.0000 0.0000
2023 6 15 0 0.0000 116.5000 0.0000 0.0000 0.0000 0.0000 0.0000 67.0000 67.0000 0.0000 0.0000 0.0000 0.0000
2023 6 16 0 0.0000 123.1200 0.0000 0.0000 0.0000 0.0000 0.0000 67.0000 67.0000 0.0000 0.0000 0.0000 0.0000
2023 6 17 0 0.0000 107.5100 0.0000 0.0000 0.0000 0.0000 0.0000 67.0000 67.0000 0.0000 0.0000 0.0000 0.0000
2023 6 18 0 0.0000 102.7200 0.0000 0.0000 0.0000 0.0000 0.0000 67.0000 67.0000 0.0000 0.0000 0.0000 0.0000
2023 6 19 0 0.0000 116.7200 0.0000 0.0000 0.0000 0.0000 0.0000 67.0000 67.0000 0.0000 0.0000 0.0000 0.0000
2023 6 20 0 0.0000 131.3100 0.0000 0.0000 0.0000 0.0000 0.0000 67.0000 67.0000 0.0000 0.0000 0.0000 0.0000
2023 6 21 0 0.0000 131.9100 0.0000 0.0000 0.0000 0.0000 0.0000 67.0000 67.0000 0.0000 0.0000 0.0000 0.0000
2023 6 22 0 0.0000 129.3300 0.0000 0.0000 0.0000 0.0000 0.0000 67.0000 67.0000 0.0000 0.0000 0.0000 0.0000
2023 6 23 0 0.0000 112.7300 0.0000 0.0000 0.0000 0.0000 0.0000 67.0000 67.0000 0.0000 0.0000 0.0000 0.0000
2023 6 24 0 0.0000 91.6000 0.0000 0.0000 0.0000 0.0000 0.0000 67.0000 67.0000 0.0000 0.0000 0.0000 0.0000
2023 6 25 0 0.0000 78.9200 0.0000 0.0000 0.0000 0.0000 0.0000 67.0000 67.0000 0.0000 0.0000 0.0000 0.0000
2023 6 26 0 0.0000 97.3600 0.0000 0.0000 0.0000 0.0000 0.0000 67.0000 67.0000 0.0000 0.0000 0.0000 0.0000
2023 6 27 0 0.0000 97.1000 0.0000 0.0000 0.0000 0.0000 0.0000 67.0000 67.0000 0.0000 0.0000 0.0000 0.0000
2023 6 28 0 0.0000 110.3800 0.0000 0.0000 0.0000 0.0000 0.0000 67.0000 67.0000 0.0000 0.0000 0.0000 0.0000
2023 6 29 0 0.0000 115.5800 0.0000 0.0000 0.0000 0.0000 0.0000 67.0000 67.0000 0.0000 0.0000 0.0000 0.0000
2023 6 30 0 0.0000 106.1600 0.0000 0.0000 0.0000 0.0000 0.0000 67.0000 67.0000 0.0000 0.0000 0.0000 0.0000
2023 7 1 0 0.0000 61.0800 0.0000 0.0000 0.0000 0.0000 0.0000 67.0000 67.0000 0.0000 0.0000 0.0000 0.0000
2023 7 2 0 0.0000 15.9100 0.0000 0.0000 0.0000 0.0000 0.0000 67.0000 67.0000 0.0000 0.0000 0.0000 0.0000
2023 7 3 0 0.0000 50.3200 0.0000 0.0000 0.0000 0.0000 0.0000 67.0000 67.0000 0.0000 0.0000 0.0000 0.0000
2023 7 4 0 0.0000 83.2500 0.0000 0.0000 0.0000 0.0000 0.0000 67.0000 67.0000 0.0000 0.0000 0.0000 0.0000
2023 7 5 0 0.0000 80.5300 0.0000 0.0000 0.0000 0.0000 0.0000 67.0000 67.0000 0.0000 0.0000 0.0000 0.0000
2023 7 6 0 0.0000 96.7500 0.0000 0.0000 0.0000 0.0000 0.0000 67.0000 67.0000 0.0000 0.0000 0.0000 0.0000
2023 7 7 0 0.0000 101.0400 0.0000 0.0000 0.0000 0.0000 0.0000 67.0000 67.0000 0.0000 0.0000 0.0000 0.0000
2023 7 8 0 0.0000 87.4600 0.0000 0.0000 0.0000 0.0000 0.0000 67.0000 67.0000 0.0000 0.0000 0.0000 0.0000
2023 7 9 0 0.0000 94.0500 0.0000 0.0000 0.0000 0.0000 0.0000 67.0000 67.0000 0.0000 0.0000 0.0000 0.0000
2023 7 10 0 0.0000 98.2100 0.0000 0.0000 0.0000 0.0000 0.0000 67.0000 67.0000 0.0000 0.0000 0.0000 0.0000
2023 7 11 0 0.0000 89.8900 0.0000 0.0000 0.0000 0.0000 0.0000 67.0000 67.0000 0.0000 0.0000 0.0000 0.0000
2023 7 12 0 0.0000 76.6900 0.0000 0.0000 0.0000 0.0000 0.0000 67.0000 67.0000 0.0000 0.0000 0.0000 0.0000
2023 7 13 0 0.0000 83.4900 0.0000 0.0000 0.0000 0.0000 0.0000 67.0000 67.0000 0.0000 0.0000 0.0000 0.0000
2023 7 14 0 0.0000 85.4800 0.0000 0.0000 0.0000 0.0000 0.0000 67.0000 67.0000 0.0000 0.0000 0.0000 0.0000
2023 7 15 0 0.0000 33.3300 0.0000 0.0000 0.0000 0.0000 0.0000 67.0000 67.0000 0.0000 0.0000 0.0000 0.0000
2023 7 16 0 0.0000 17.8600 0.0000 0.0000 0.0000 0.0000 0.0000 67.0000 67.0000 0.0000 0.0000 0.0000 0.0000
2023 7 17 0 0.0000 30.5600 0.0000 0.0000 0.0000 0.0000 0.0000 67.0000 67.0000 0.0000 0.0000 0.0000 0.0000
2023 7 18 0 0.0000 64.7000 0.0000 0.0000 0.0000 0.0000 0.0000 67.0000 67.0000 0.0000 0.0000 0.0000 0.0000
2023 7 19 0 3.2000 77.7600 0.8000 3.2000 0.0000 3342.5927 1.0000 63.9280 67.0000 42.9860 0.0000 3341.5927 0.1555
2023 7 20 0 3.2000 64.6700 0.8000 3.2000 0.0000 2779.9056 0.0000 63.9280 67.0000 42.9860 0.0000 2779.9056 0.1555
2023 7 21 0 3.2000 83.1300 0.8000 3.2000 0.0000 3573.4274 0.0000 63.9280 67.0000 42.9860 0.0000 3573.4274 0.1555
2023 7 22 0 3.2000 75.6300 0.8000 3.2000 0.0000 3251.0323 0.0000 63.9280 67.0000 42.9860 0.0000 3251.0323 0.1555
2023 7 23 0 3.2000 33.2000 0.8000 3.2000 0.0000 1425.5426 0.0000 63.8566 66.9286 42.9380 0.0000 1425.5426 0.1553
2023 7 24 0 3.2000 69.9000 0.8000 3.2000 0.0000 2993.6826 0.0000 63.6931 66.7651 42.8281 0.0000 2993.6826 0.1549
2023 7 25 0 3.2000 60.2500 0.8000 3.2000 0.0000 2572.6169 0.0000 63.5012 66.5732 42.6990 0.0000 2572.6169 0.1544
2023 7 26 0 3.2000 69.5200 0.8000 3.2000 0.0000 2958.9222 0.0000 63.2977 66.3697 42.5622 0.0000 2958.9222 0.1539
2023 7 27 0 3.2000 87.3400 0.8000 3.2000 0.0000 3704.9537 0.0000 63.0861 66.1581 42.4199 0.0000 3704.9537 0.1534
2023 7 28 0 3.2000 86.7600 0.8000 3.2000 0.0000 3667.5889 0.0000 62.8673 65.9393 42.2728 0.0000 3667.5889 0.1529
2023 7 29 0 3.2000 74.6100 0.8000 3.2000 0.0000 3142.7755 0.0000 62.6441 65.7161 42.1227 0.0000 3142.7755 0.1524
2023 7 30 0 3.2000 39.5200 0.8000 3.2000 0.0000 1658.9123 0.0000 62.4267 65.4987 41.9765 0.0000 1658.9123 0.1518
2023 7 31 0 3.2000 69.3300 0.8000 3.2000 0.0000 2902.6416 0.0000 62.2639 65.3359 41.8670 0.0000 2902.6416 0.1514
2023 8 1 0 3.2000 73.8700 0.8000 3.2000 0.0000 3085.9632 0.0000 62.1279 65.1999 41.7756 0.0000 3085.9632 0.1511
2023 8 2 0 3.2000 64.7500 0.8000 3.2000 0.0000 2697.1986 0.0000 61.9494 65.0214 41.6556 0.0000 2697.1986 0.1507
2023 8 3 0 3.2000 43.5500 0.8000 3.2000 0.0000 1807.9435 0.0000 61.7391 64.8111 41.5142 0.0000 1807.9435 0.1502
2023 8 4 0 3.2000 62.1300 0.8000 3.2000 0.0000 2569.8772 0.0000 61.5141 64.5861 41.3629 0.0000 2569.8772 0.1496
2023 8 5 0 3.2000 76.9400 0.8000 3.2000 0.0000 3170.4968 0.0000 61.2829 64.3549 41.2074 0.0000 3170.4968 0.1490
2023 8 6 0 3.2000 57.5500 0.8000 3.2000 0.0000 2362.3799 0.0000 61.0476 64.1196 41.0492 0.0000 2362.3799 0.1485
2023 8 7 0 3.2000 16.8300 0.8000 3.2000 0.0000 688.1340 0.0000 60.8069 63.8789 40.8873 0.0000 688.1340 0.1479
2023 8 8 0 3.2000 0.0400 0.8000 3.2000 0.0000 1.6296 0.0000 60.5881 63.6601 40.7403 0.0000 1.6296 0.1474
2023 8 9 0 3.2000 14.7000 0.8000 3.2000 0.0000 597.1971 0.0000 60.4177 63.4897 40.6257 0.0000 597.1971 0.1469
2023 8 10 0 3.2000 51.2900 0.8000 3.2000 0.0000 2078.5060 0.0000 60.2674 63.3394 40.5246 0.0000 2078.5060 0.1466
2023 8 11 0 3.2000 72.3800 0.8000 3.2000 0.0000 2926.3549 0.0000 60.1274 63.1994 40.4304 0.0000 2926.3549 0.1462
2023 8 12 0 3.2000 69.7000 0.8000 3.2000 0.0000 2811.1246 0.0000 59.9807 63.0527 40.3318 0.0000 2811.1246 0.1459
2023 8 13 0 3.2000 63.1900 0.8000 3.2000 0.0000 2540.8669 0.0000 59.7995 62.8715 40.2100 0.0000 2540.8669 0.1454
2023 8 14 0 3.2000 85.9500 0.8000 3.2000 0.0000 3444.4631 0.0000 59.5991 62.6711 40.0752 0.0000 3444.4631 0.1449
2023 8 15 0 3.2000 82.7300 0.8000 3.2000 0.0000 3306.1392 0.0000 59.4322 62.5042 39.9630 0.0000 3306.1392 0.1445
2023 8 16 0 3.2000 93.5300 0.8000 3.2000 0.0000 3730.6498 0.0000 59.3195 62.3915 39.8872 0.0000 3730.6498 0.1443
2023 8 17 0 3.2000 92.9900 0.8000 3.2000 0.0000 3701.9501 0.0000 59.2050 62.2770 39.8102 0.0000 3701.9501 0.1440
2023 8 18 0 3.2000 84.3900 0.8000 3.2000 0.0000 3351.3326 0.0000 59.0596 62.1316 39.7124 0.0000 3351.3326 0.1436
2023 8 19 0 3.2000 48.8800 0.8000 3.2000 0.0000 1935.7334 0.0000 58.8950 61.9670 39.6017 0.0000 1935.7334 0.1432
2023 8 20 0 3.2000 75.6000 0.8000 3.2000 0.0000 2987.2290 0.0000 58.7639 61.8359 39.5136 0.0000 2987.2290 0.1429
2023 8 21 0 3.2000 88.4800 0.8000 3.2000 0.0000 3489.3779 0.0000 58.6498 61.7218 39.4369 0.0000 3489.3779 0.1426
2023 8 22 0 3.2000 92.0800 0.8000 3.2000 0.0000 3622.0444 0.0000 58.4995 61.5715 39.3358 0.0000 3622.0444 0.1423
2023 8 23 0 3.2000 99.5400 0.8000 3.2000 0.0000 3903.8726 0.0000 58.3260 61.3980 39.2191 0.0000 3903.8726 0.1419
2023 8 24 0 3.2000 99.6900 0.8000 3.2000 0.0000 3897.0113 0.0000 58.1358 61.2078 39.0913 0.0000 3897.0113 0.1414
2023 8 25 0 3.2000 93.1800 0.8000 3.2000 0.0000 3630.9233 0.0000 57.9506 61.0226 38.9668 0.0000 3630.9233 0.1409
2023 8 26 0 3.2000 87.9600 0.8000 3.2000 0.0000 3419.0502 0.0000 57.8075 60.8795 38.8705 0.0000 3419.0502 0.1406
2023 8 27 0 3.2000 89.4800 0.8000 3.2000 0.0000 3471.5662 0.0000 57.6983 60.7703 38.7971 0.0000 3471.5662 0.1403
2023 8 28 0 3.2000 91.8000 0.8000 3.2000 0.0000 3553.8991 0.0000 57.5740 60.6460 38.7135 0.0000 3553.8991 0.1400
2023 8 29 0 3.2000 95.0600 0.8000 3.2000 0.0000 3670.0685 0.0000 57.4170 60.4890 38.6079 0.0000 3670.0685 0.1396
2023 8 30 0 3.2000 99.5900 0.8000 3.2000 0.0000 3832.9799 0.0000 57.2380 60.3100 38.4876 0.0000 3832.9799 0.1392
2023 8 31 0 3.2000 97.2200 0.8000 3.2000 0.0000 3729.1313 0.0000 57.0448 60.1168 38.3577 0.0000 3729.1313 0.1387
