RESERVOIR node 9 KROKNESVATN
reservoir_init_fr= 0.66000
yyyy mm dd hh [m3/s] [Euro/MWh] [fr] [m3/s] [Mm3] [masl] [fr] [Euro]         [m3/s]     [m3/s]    [m3/s]   [m3/s]    [m3/s] 
yyyy mm dd hh Inflow Price Action Up_Inflow Res_Mm3 Res_masl Res_fr lrw_cost tunnelflow hatchflow overflow auto_qmin tot_outflow
2022 9 1 0 0.6400 564.8800 9999999.0000 0.0657 150.8792 407.7344 0.6603 0.0000 0.0000 0.0000 0.0000 0.0000 0.0000 
2022 9 2 0 0.5800 425.8500 9999999.0000 0.0037 150.9296 407.7549 0.6606 0.0000 0.0000 0.0000 0.0000 0.0000 0.0000 
2022 9 3 0 0.5400 383.9200 9999999.0000 0.0001 150.9763 407.7740 0.6608 0.0000 0.0000 0.0000 0.0000 0.0000 0.0000 
2022 9 4 0 0.6700 310.1000 9999999.0000 5.7746 150.9996 407.7835 0.6609 0.0000 6.1740 0.0000 0.0000 0.0000 6.1740 
2022 9 5 0 0.6400 388.8400 9999999.0000 8.9077 151.1472 407.8438 0.6617 0.0000 7.8400 0.0000 0.0000 0.0000 7.8400 
2022 9 6 0 0.5900 414.3500 9999999.0000 9.4759 151.3395 407.9222 0.6626 0.0000 7.8400 0.0000 0.0000 0.0000 7.8400 
2022 9 7 0 0.5600 451.5300 9999999.0000 9.5188 151.5329 408.0012 0.6636 0.0000 7.8400 0.0000 0.0000 0.0000 7.8400 
2022 9 8 0 0.5200 426.5600 9999999.0000 9.5200 151.7230 408.0788 0.6645 0.0000 7.8400 0.0000 0.0000 0.0000 7.8400 
2022 9 9 0 0.4900 352.9300 9999999.0000 9.5200 151.9105 408.1553 0.6655 0.0000 7.8400 0.0000 0.0000 0.0000 7.8400 
2022 9 10 0 0.4600 410.9400 9999999.0000 9.5200 152.0954 408.2308 0.6664 0.0000 7.8400 0.0000 0.0000 0.0000 7.8400 
2022 9 11 0 0.4400 400.0100 9999999.0000 9.5200 152.2786 408.3055 0.6673 0.0000 7.8400 0.0000 0.0000 0.0000 7.8400 
2022 9 12 0 1.1700 407.9500 9999999.0000 9.5200 152.5248 408.4060 0.6686 0.0000 7.8400 0.0000 0.0000 0.0000 7.8400 
2022 9 13 0 4.6500 382.5800 9999999.0000 9.5200 153.0717 408.6293 0.6713 0.0000 7.8400 0.0000 0.0000 0.0000 7.8400 
2022 9 14 0 2.9100 425.5000 9999999.0000 9.5200 153.4683 408.7911 0.6733 0.0000 7.8400 0.0000 0.0000 0.0000 7.8400 
2022 9 15 0 2.2700 355.8200 9999999.0000 9.5200 153.8096 408.9304 0.6750 0.0000 7.8400 0.0000 0.0000 0.0000 7.8400 
2022 9 16 0 1.8500 329.3900 9999999.0000 9.5200 154.1146 409.0549 0.6765 0.0000 7.8400 0.0000 0.0000 0.0000 7.8400 
2022 9 17 0 1.4900 246.9600 9999999.0000 9.5200 154.3885 409.1667 0.6779 0.0000 7.8400 0.0000 0.0000 0.0000 7.8400 
2022 9 18 0 1.2100 117.5900 9999999.0000 9.5200 154.6382 409.2686 0.6792 0.0000 7.8400 0.0000 0.0000 0.0000 7.8400 
2022 9 19 0 1.0100 288.3300 9999999.0000 9.5200 154.8706 409.3635 0.6803 0.0000 7.8400 0.0000 0.0000 0.0000 7.8400 
2022 9 20 0 0.9200 380.8200 9999999.0000 9.5200 155.0952 409.4552 0.6815 0.0000 7.8400 0.0000 0.0000 0.0000 7.8400 
2022 9 21 0 0.8500 388.8300 9999999.0000 9.5200 155.3138 409.5444 0.6826 0.0000 7.8400 0.0000 0.0000 0.0000 7.8400 
2022 9 22 0 0.8000 378.9000 9999999.0000 9.5200 155.5281 409.6319 0.6836 0.0000 7.8400 0.0000 0.0000 0.0000 7.8400 
2022 9 23 0 0.8600 359.9800 9999999.0000 9.5200 155.7475 409.7214 0.6847 0.0000 7.8400 0.0000 0.0000 0.0000 7.8400 
2022 9 24 0 0.9300 350.7100 9999999.0000 9.5200 155.9730 409.8135 0.6859 0.0000 7.8400 0.0000 0.0000 0.0000 7.8400 
2022 9 25 0 0.9300 299.0800 9999999.0000 9.5200 156.1985 409.9055 0.6870 0.0000 7.8400 0.0000 0.0000 0.0000 7.8400 
2022 9 26 0 2.5800 259.4000 9999999.0000 9.5200 156.5666 410.0558 0.6888 0.0000 7.8400 0.0000 0.0000 0.0000 7.8400 
2022 9 27 0 5.0000 306.8900 9999999.0000 9.5200 157.1438 410.2913 0.6917 0.0000 7.8400 0.0000 0.0000 0.0000 7.8400 
2022 9 28 0 11.4500 308.5200 9999999.0000 9.5200 158.2782 410.7544 0.6974 0.0000 7.8400 0.0000 0.0000 0.0000 7.8400 
2022 9 29 0 8.0600 347.1000 9999999.0000 9.5200 159.1197 411.0978 0.7017 0.0000 7.8400 0.0000 0.0000 0.0000 7.8400 
2022 9 30 0 6.0900 278.9700 9999999.0000 9.5200 159.7911 411.3719 0.7050 0.0000 7.8400 0.0000 0.0000 0.0000 7.8400 
2022 10 1 0 13.2800 90.2400 9999999.0000 9.5200 161.0836 411.8994 0.7115 0.0000 7.8400 0.0000 0.0000 0.0000 7.8400 
2022 10 2 0 12.4800 182.7200 9999999.0000 9.5200 162.3070 412.3988 0.7177 0.0000 7.8400 0.0000 0.0000 0.0000 7.8400 
2022 10 3 0 9.1900 234.6000 9999999.0000 9.5200 163.2462 412.7821 0.7224 0.0000 7.8400 0.0000 0.0000 0.0000 7.8400 
2022 10 4 0 7.1400 199.0100 9999999.0000 9.5200 164.0082 413.0863 0.7262 0.0000 7.8400 0.0000 0.0000 0.0000 7.8400 
2022 10 5 0 6.8500 51.1100 9999999.0000 9.5200 164.7452 413.3649 0.7299 0.0000 7.8400 0.0000 0.0000 0.0000 7.8400 
2022 10 6 0 8.6000 23.8700 9999999.0000 9.5200 165.6334 413.7007 0.7343 0.0000 7.8400 0.0000 0.0000 0.0000 7.8400 
2022 10 7 0 9.6600 30.2900 9999999.0000 9.5200 166.6132 414.0712 0.7393 0.0000 7.8400 0.0000 0.0000 0.0000 7.8400 
2022 10 8 0 10.5800 53.3800 9999999.0000 9.5200 167.6725 414.4716 0.7446 0.0000 7.8400 0.0000 0.0000 0.0000 7.8400 
2022 10 9 0 8.3700 91.9400 9999999.0000 9.5200 168.5408 414.7999 0.7489 0.0000 7.8400 0.0000 0.0000 0.0000 7.8400 
2022 10 10 0 7.4100 137.7100 9999999.0000 9.5200 169.3262 415.0968 0.7529 0.0000 7.8400 0.0000 0.0000 0.0000 7.8400 
2022 10 11 0 7.3200 174.3200 9999999.0000 9.5200 170.1038 415.3908 0.7568 0.0000 7.8400 0.0000 0.0000 0.0000 7.8400 
2022 10 12 0 6.1200 199.9900 9999999.0000 9.5200 170.7777 415.6456 0.7602 0.0000 7.8400 0.0000 0.0000 0.0000 7.8400 
2022 10 13 0 5.7400 233.6000 9999999.0000 9.5200 171.4188 415.8880 0.7634 0.0000 7.8400 0.0000 0.0000 0.0000 7.8400 
2022 10 14 0 5.1400 217.2400 9999999.0000 9.5200 172.0080 416.1108 0.7663 0.0000 7.8400 0.0000 0.0000 0.0000 7.8400 
2022 10 15 0 9.4700 154.6600 9999999.0000 9.5200 172.9714 416.4750 0.7712 0.0000 7.8400 0.0000 0.0000 0.0000 7.8400 
2022 10 16 0 11.5600 113.2100 9999999.0000 9.5200 174.1153 416.9075 0.7769 0.0000 7.8400 0.0000 0.0000 0.0000 7.8400 
2022 10 17 0 11.0000 146.2200 9999999.0000 9.5200 175.2109 417.3217 0.7824 0.0000 7.8400 0.0000 0.0000 0.0000 7.8400 
2022 10 18 0 10.4500 163.8200 9999999.0000 9.5200 176.2589 417.7179 0.7877 0.0000 7.8400 0.0000 0.0000 0.0000 7.8400 
2022 10 19 0 9.0000 159.7000 9999999.0000 9.5200 177.1816 418.0668 0.7923 0.0000 7.8400 0.0000 0.0000 0.0000 7.8400 
2022 10 20 0 7.3400 142.1100 9999999.0000 9.5200 177.9610 418.3614 0.7962 0.0000 7.8400 0.0000 0.0000 0.0000 7.8400 
2022 10 21 0 6.1000 157.4800 9999999.0000 9.5200 178.6332 418.6156 0.7996 0.0000 7.8400 0.0000 0.0000 0.0000 7.8400 
2022 10 22 0 5.2100 142.0700 9999999.0000 9.5200 179.2285 418.8406 0.8026 0.0000 7.8400 0.0000 0.0000 0.0000 7.8400 
2022 10 23 0 4.5600 99.6700 9999999.0000 9.5200 179.7676 419.0445 0.8053 0.0000 7.8400 0.0000 0.0000 0.0000 7.8400 
2022 10 24 0 4.7600 85.2000 9999999.0000 9.5200 180.3240 419.2548 0.8081 0.0000 7.8400 0.0000 0.0000 0.0000 7.8400 
2022 10 25 0 6.4100 110.5100 9999999.0000 9.5200 181.0230 419.5191 0.8116 0.0000 7.8400 0.0000 0.0000 0.0000 7.8400 
2022 10 26 0 5.7200 121.4900 9999999.0000 9.5200 181.6623 419.7608 0.8148 0.0000 7.8400 0.0000 0.0000 0.0000 7.8400 
2022 10 27 0 5.4500 117.6600 9999999.0000 9.5200 182.2784 419.9937 0.8179 0.0000 7.8400 0.0000 0.0000 0.0000 7.8400 
2022 10 28 0 4.8700 103.2200 9999999.0000 9.5200 182.8443 420.2077 0.8207 0.0000 7.8400 0.0000 0.0000 0.0000 7.8400 
2022 10 29 0 5.1800 101.6200 9999999.0000 9.5200 183.4370 420.4318 0.8237 0.0000 7.8400 0.0000 0.0000 0.0000 7.8400 
2022 10 30 0 4.5200 117.9300 9999999.0000 9.5200 183.9727 420.6343 0.8264 0.0000 7.8400 0.0000 0.0000 0.0000 7.8400 
2022 10 31 0 4.0600 144.1300 9999999.0000 9.5200 184.4686 420.8218 0.8289 0.0000 7.8400 0.0000 0.0000 0.0000 7.8400 
2022 11 1 0 4.5000 72.4900 9999999.0000 9.5200 185.0026 421.0237 0.8315 0.0000 7.8400 0.0000 0.0000 0.0000 7.8400 
2022 11 2 0 7.9100 71.1700 9999999.0000 9.5200 185.8311 421.3369 0.8357 0.0000 7.8400 0.0000 0.0000 0.0000 7.8400 
2022 11 3 0 15.3900 86.5000 9999999.0000 9.5200 187.3060 421.8945 0.8431 0.0000 7.8400 0.0000 0.0000 0.0000 7.8400 
2022 11 4 0 19.8000 72.6700 9999999.0000 9.5200 189.1619 422.5962 0.8524 0.0000 7.8400 0.0000 0.0000 0.0000 7.8400 
2022 11 5 0 19.1200 47.6500 9999999.0000 9.5200 190.9590 423.2572 0.8614 0.0000 7.8400 0.0000 0.0000 0.0000 7.8400 
2022 11 6 0 14.4100 35.7500 9999999.0000 9.5200 192.3492 423.7478 0.8684 0.0000 7.8400 0.0000 0.0000 0.0000 7.8400 
2022 11 7 0 19.9200 43.8300 9999999.0000 9.5200 194.2154 424.4063 0.8778 0.0000 7.8400 0.0000 0.0000 0.0000 7.8400 
2022 11 8 0 17.2300 51.0900 9999999.0000 9.5200 195.8492 424.9828 0.8860 0.0000 7.8400 0.0000 0.0000 0.0000 7.8400 
2022 11 9 0 20.7600 42.5700 9999999.0000 9.5200 197.7880 425.6669 0.8957 0.0000 7.8400 0.0000 0.0000 0.0000 7.8400 
2022 11 10 0 15.9200 27.4000 9999999.0000 9.5200 199.3087 426.2035 0.9033 0.0000 7.8400 0.0000 0.0000 0.0000 7.8400 
2022 11 11 0 12.7600 2.0000 9999999.0000 9.5200 200.5563 426.6437 0.9096 0.0000 7.8400 0.0000 0.0000 0.0000 7.8400 
2022 11 12 0 10.2600 2.3700 9999999.0000 9.5200 201.5879 427.0077 0.9148 0.0000 7.8400 0.0000 0.0000 0.0000 7.8400 
2022 11 13 0 8.3600 29.9300 9999999.0000 9.5200 202.4554 427.3138 0.9191 0.0000 7.8400 0.0000 0.0000 0.0000 7.8400 
2022 11 14 0 6.8900 53.6800 9999999.0000 9.5200 203.1958 427.5751 0.9228 0.0000 7.8400 0.0000 0.0000 0.0000 7.8400 
2022 11 15 0 6.0500 53.7500 9999999.0000 9.5411 203.8655 427.8114 0.9262 0.0000 7.8400 0.0000 0.0000 0.0000 7.8400 
2022 11 16 0 6.5500 27.6900 9999999.0000 9.6606 204.5887 428.0666 0.9298 0.0000 7.8400 0.0000 0.0000 0.0000 7.8400 
2022 11 17 0 5.7900 48.9100 9999999.0000 9.8981 205.2668 428.3059 0.9332 0.0000 7.8400 0.0000 0.0000 0.0000 7.8400 
2022 11 18 0 4.7700 113.7000 9999999.0000 10.0921 205.8735 428.5199 0.9363 0.0000 7.8400 0.0000 0.0000 0.0000 7.8400 
2022 11 19 0 4.0600 167.1000 9999999.0000 10.2231 206.4302 428.7164 0.9391 0.0000 7.8400 0.0000 0.0000 0.0000 7.8400 
2022 11 20 0 3.5100 162.8400 9999999.0000 10.3234 206.9480 428.8991 0.9417 0.0000 7.8400 0.0000 0.0000 0.0000 7.8400 
2022 11 21 0 3.0800 209.5500 9999999.0000 10.3860 207.4341 429.0706 0.9441 0.0000 7.8400 0.0000 0.0000 0.0000 7.8400 
2022 11 22 0 2.7600 174.4300 9999999.0000 10.4162 207.8952 429.2333 0.9464 0.0000 7.8400 0.0000 0.0000 0.0000 7.8400 
2022 11 23 0 2.7100 149.8400 9999999.0000 10.4331 208.3534 429.3950 0.9487 0.0000 7.8400 0.0000 0.0000 0.0000 7.8400 
2022 11 24 0 3.7700 172.1800 9999999.0000 10.4506 208.9046 429.5895 0.9515 0.0000 7.8400 0.0000 0.0000 0.0000 7.8400 
2022 11 25 0 8.4400 200.3300 9999999.0000 10.5199 209.8654 429.9285 0.9563 0.0000 7.8400 0.0000 0.0000 0.0000 7.8400 
2022 11 26 0 11.5300 196.0200 9999999.0000 10.6526 211.1046 430.3658 0.9625 0.0000 7.8400 0.0000 0.0000 0.0000 7.8400 
2022 11 27 0 11.5900 146.0400 9999999.0000 10.8142 212.3629 430.8098 0.9689 0.0000 7.8400 0.0000 0.0000 0.0000 7.8400 
2022 11 28 0 19.2200 195.3000 9999999.0000 11.0717 214.3028 431.4943 0.9786 0.0000 7.8400 0.0000 0.0000 0.0000 7.8400 
2022 11 29 0 13.0800 362.5600 9999999.0000 11.2696 215.7292 431.9976 0.9857 0.0000 7.8400 0.0000 0.0000 0.0000 7.8400 
2022 11 30 0 8.5700 364.6000 9999999.0000 11.3778 216.7753 432.3667 0.9910 0.0000 7.8400 0.0000 0.0000 0.0000 7.8400 
2022 12 1 0 6.3800 349.6500 9999999.0000 11.4238 217.6362 432.6705 0.9953 0.0000 7.8400 0.0000 0.0000 0.0000 7.8400 
2022 12 2 0 5.2000 324.9900 9999999.0000 11.4292 218.3956 432.9385 0.9991 0.0000 7.8400 0.0000 0.0000 0.0000 7.8400 
2022 12 3 0 4.4600 268.8200 9999999.0000 11.4042 219.0779 433.0125 1.0025 0.0000 7.8400 0.0000 0.1274 0.0000 7.9674 
2022 12 4 0 3.9000 271.5000 9999999.0000 11.3561 219.6942 433.0276 1.0056 0.0000 7.8400 0.0000 0.2821 0.0000 8.1221 
2022 12 5 0 3.4900 290.7800 9999999.0000 11.2906 220.2573 433.0414 1.0085 0.0000 7.8400 0.0000 0.4234 0.0000 8.2634 
2022 12 6 0 3.4700 346.8000 9999999.0000 11.2217 220.8009 433.0548 1.0112 0.0000 7.8400 0.0000 0.5598 0.0000 8.3998 
2022 12 7 0 3.3800 334.1100 9999999.0000 11.1534 221.3196 433.0675 1.0138 0.0000 7.8400 0.0000 0.6900 0.0000 8.5300 
2022 12 8 0 3.6400 399.0300 9999999.0000 11.0908 221.8440 433.0804 1.0164 0.0000 7.8400 0.0000 0.8216 0.0000 8.6616 
2022 12 9 0 3.9500 418.6900 9999999.0000 11.0355 222.3788 433.0935 1.0191 0.0000 7.8400 0.0000 0.9558 0.0000 8.7958 
2022 12 10 0 3.9400 362.9800 9999999.0000 10.9833 222.8970 433.1063 1.0217 0.0000 7.8400 0.0000 1.0858 0.0000 8.9258 
2022 12 11 0 4.2600 338.6100 9999999.0000 10.9371 223.4274 433.1193 1.0244 0.0000 7.8400 0.0000 1.2189 0.0000 9.0589 
2022 12 12 0 4.3100 446.1100 9999999.0000 10.8945 223.9471 433.1321 1.0270 0.0000 7.8400 0.0000 1.3493 0.0000 9.1893 
2022 12 13 0 4.1100 458.6300 9999999.0000 10.8511 224.4352 433.1441 1.0294 0.0000 7.8400 0.0000 1.4718 0.0000 9.3118 
2022 12 14 0 3.9500 451.4100 9999999.0000 10.8062 224.8956 433.1554 1.0317 0.0000 7.8400 0.0000 1.5873 0.0000 9.4273 
2022 12 15 0 3.5800 396.6100 9999999.0000 10.7578 225.3108 433.1656 1.0338 0.0000 7.8400 0.0000 1.6915 0.0000 9.5315 
2022 12 16 0 3.1700 413.8400 9999999.0000 10.7054 225.6782 433.1746 1.0357 0.0000 7.8400 0.0000 1.7837 0.0000 9.6237 
2022 12 17 0 3.0500 254.6500 9999999.0000 10.6521 226.0231 433.1831 1.0374 0.0000 7.8400 0.0000 1.8702 0.0000 9.7102 
2022 12 18 0 3.0300 206.4000 9999999.0000 10.6008 226.3546 433.1912 1.0391 0.0000 7.8400 0.0000 1.9534 0.0000 9.7934 
2022 12 19 0 2.8800 211.4800 9999999.0000 10.5515 226.6623 433.1988 1.0406 0.0000 7.8400 0.0000 2.0306 0.0000 9.8706 
2022 12 20 0 2.7600 205.2500 9999999.0000 10.5070 226.9495 433.2058 1.0421 0.0000 7.8400 0.0000 2.1027 0.0000 9.9427 
2022 12 21 0 2.2200 223.3000 9999999.0000 10.4745 227.1822 433.2115 1.0432 0.0000 7.8400 0.0000 2.1611 0.0000 10.0011 
2022 12 22 0 2.0600 201.9700 9999999.0000 10.4455 227.3940 433.2167 1.0443 0.0000 7.8400 0.0000 2.2143 0.0000 10.0543 
2022 12 23 0 1.8600 193.2900 9999999.0000 10.4072 227.5812 433.2213 1.0452 0.0000 7.8400 0.0000 2.2612 0.0000 10.1012 
2022 12 24 0 1.6400 142.3700 9999999.0000 10.3581 227.7416 433.2253 1.0460 0.0000 7.8400 0.0000 2.3015 0.0000 10.1415 
2022 12 25 0 1.6400 129.4400 9999999.0000 10.3046 227.8941 433.2290 1.0468 0.0000 7.8400 0.0000 2.3397 0.0000 10.1797 
2022 12 26 0 3.0400 111.7200 9999999.0000 10.2781 228.1595 433.2355 1.0481 0.0000 7.8400 0.0000 2.4063 0.0000 10.2463 
2022 12 27 0 3.4000 141.3500 9999999.0000 10.2572 228.4479 433.2426 1.0496 0.0000 7.8400 0.0000 2.4787 0.0000 10.3187 
2022 12 28 0 2.8300 122.1300 9999999.0000 10.2258 228.6794 433.2483 1.0507 0.0000 7.8400 0.0000 2.5368 0.0000 10.3768 
2022 12 29 0 2.5300 96.2800 9999999.0000 10.1895 228.8775 433.2532 1.0517 0.0000 7.8400 0.0000 2.5865 0.0000 10.4265 
2022 12 30 0 2.4100 100.4100 9999999.0000 10.1510 229.0580 433.2576 1.0526 0.0000 7.8400 0.0000 2.6318 0.0000 10.4718 
2022 12 31 0 3.9900 116.2200 9999999.0000 10.1317 229.3666 433.2652 1.0542 0.0000 7.8400 0.0000 2.7093 0.0000 10.5493 
2023 1 1 0 3.1100 112.5700 9999999.0000 10.1067 229.5922 433.2707 1.0553 0.0000 7.8400 0.0000 2.7659 0.0000 10.6059 
2023 1 2 0 2.6300 149.2600 9999999.0000 10.0737 229.7696 433.2751 1.0562 0.0000 7.8400 0.0000 2.8104 0.0000 10.6504 
2023 1 3 0 2.3400 154.5400 9999999.0000 10.0360 229.9156 433.2787 1.0569 0.0000 7.8400 0.0000 2.8470 0.0000 10.6870 
2023 1 4 0 2.1900 114.6400 9999999.0000 9.9965 230.0424 433.2818 1.0576 0.0000 7.8400 0.0000 2.8788 0.0000 10.7188 
2023 1 5 0 2.1200 144.1600 9999999.0000 9.9614 230.1576 433.2846 1.0582 0.0000 7.8400 0.0000 2.9077 0.0000 10.7477 
2023 1 6 0 2.0500 126.0400 9999999.0000 9.9257 230.2615 433.2872 1.0587 0.0000 7.8400 0.0000 2.9338 0.0000 10.7738 
2023 1 7 0 2.2700 102.5400 9999999.0000 9.8103 230.3719 433.2899 1.0592 0.0000 7.8400 0.0000 2.9615 0.0000 10.8015 
2023 1 8 0 7.2600 75.8000 9999999.0000 9.7217 230.8946 433.3027 1.0618 0.0000 7.8400 0.0000 3.0927 0.0000 10.9327 
2023 1 9 0 11.5000 133.2800 9999999.0000 9.6963 231.7625 433.3240 1.0662 0.0000 7.8400 0.0000 3.3105 0.0000 11.1505 
2023 1 10 0 8.2000 130.4400 9999999.0000 9.7082 232.3340 433.3381 1.0691 0.0000 7.8400 0.0000 3.4539 0.0000 11.2939 
2023 1 11 0 6.5900 96.6800 9999999.0000 9.5977 232.7479 433.3482 1.0711 0.0000 7.8400 0.0000 3.5577 0.0000 11.3977 
2023 1 12 0 5.6100 89.9500 9999999.0000 9.5330 233.0646 433.3560 1.0727 0.0000 7.8400 0.0000 3.6372 0.0000 11.4772 
2023 1 13 0 4.7300 82.8000 9999999.0000 9.5210 233.2992 433.3618 1.0739 0.0000 7.8400 0.0000 3.6961 0.0000 11.5361 
2023 1 14 0 4.0300 94.7100 9999999.0000 9.5200 233.4695 433.3659 1.0748 0.0000 7.8400 0.0000 3.7388 0.0000 11.5788 
2023 1 15 0 3.8100 70.7800 9999999.0000 9.5200 233.6176 433.3696 1.0755 0.0000 7.8400 0.0000 3.7760 0.0000 11.6160 
2023 1 16 0 3.7300 139.7600 9999999.0000 9.5200 233.7558 433.3730 1.0762 0.0000 7.8400 0.0000 3.8106 0.0000 11.6506 
2023 1 17 0 3.5100 134.1900 9999999.0000 9.5200 233.8724 433.3758 1.0768 0.0000 7.8400 0.0000 3.8399 0.0000 11.6799 
2023 1 18 0 3.5700 138.3800 9999999.0000 9.5200 233.9917 433.3788 1.0774 0.0000 7.8400 0.0000 3.8698 0.0000 11.7098 
2023 1 19 0 3.0300 148.5600 9999999.0000 9.5200 234.0627 433.3805 1.0777 0.0000 7.8400 0.0000 3.8877 0.0000 11.7277 
2023 1 20 0 2.8400 162.5000 9999999.0000 9.5200 234.1162 433.3818 1.0780 0.0000 7.8400 0.0000 3.9011 0.0000 11.7411 
2023 1 21 0 2.6700 150.1900 9999999.0000 9.5200 234.1542 433.3828 1.0782 0.0000 7.8400 0.0000 3.9106 0.0000 11.7506 
2023 1 22 0 2.5200 151.8000 9999999.0000 9.5200 234.1786 433.3834 1.0783 0.0000 7.8400 0.0000 3.9167 0.0000 11.7567 
2023 1 23 0 2.6500 197.7300 9999999.0000 9.5200 234.2136 433.3842 1.0785 0.0000 7.8400 0.0000 3.9255 0.0000 11.7655 
2023 1 24 0 2.4800 184.5400 9999999.0000 9.5200 234.2334 433.3847 1.0786 0.0000 7.8400 0.0000 3.9305 0.0000 11.7705 
2023 1 25 0 2.6300 137.5700 9999999.0000 9.5200 234.2655 433.3855 1.0788 0.0000 7.8400 0.0000 3.9385 0.0000 11.7785 
2023 1 26 0 3.1700 132.3800 9999999.0000 9.5200 234.3426 433.3874 1.0792 0.0000 7.8400 0.0000 3.9579 0.0000 11.7979 
2023 1 27 0 2.9800 154.0500 9999999.0000 6.1286 234.4218 433.3893 1.0795 0.0000 4.2140 0.0000 3.9778 0.0000 8.1918 
2023 1 28 0 2.7600 116.8100 9999999.0000 1.2622 234.4255 433.3894 1.0796 0.0000 0.0000 0.0000 3.9787 0.0000 3.9787 
2023 1 29 0 2.5400 102.3700 9999999.0000 0.1032 234.3126 433.3867 1.0790 0.0000 0.0000 0.0000 3.9504 0.0000 3.9504 
2023 1 30 0 2.8600 90.0000 9999999.0000 0.0030 234.2207 433.3844 1.0785 0.0000 0.0000 0.0000 3.9273 0.0000 3.9273 
2023 1 31 0 2.6800 105.1200 9999999.0000 0.0000 234.1152 433.3818 1.0780 0.0000 0.0000 0.0000 3.9008 0.0000 3.9008 
2023 2 1 0 2.4300 103.8300 9999999.0000 0.0000 233.9908 433.3787 1.0774 0.0000 0.0000 0.0000 3.8696 0.0000 3.8696 
2023 2 2 0 2.9800 145.2800 9999999.0000 0.0000 233.9156 433.3769 1.0770 0.0000 0.0000 0.0000 3.8507 0.0000 3.8507 
2023 2 3 0 2.5900 113.1000 9999999.0000 0.0000 233.8089 433.3743 1.0765 0.0000 0.0000 0.0000 3.8240 0.0000 3.8240 
2023 2 4 0 2.1600 138.8200 9999999.0000 0.0000 233.6682 433.3708 1.0758 0.0000 0.0000 0.0000 3.7887 0.0000 3.7887 
2023 2 5 0 2.0400 122.8300 9999999.0000 0.0000 233.5203 433.3672 1.0750 0.0000 0.0000 0.0000 3.7516 0.0000 3.7516 
2023 2 6 0 1.9100 161.3800 9999999.0000 0.0000 233.3646 433.3634 1.0742 0.0000 0.0000 0.0000 3.7125 0.0000 3.7125 
2023 2 7 0 1.7700 132.4500 9999999.0000 0.0000 233.2003 433.3593 1.0734 0.0000 0.0000 0.0000 3.6713 0.0000 3.6713 
2023 2 8 0 1.7000 120.3300 9999999.0000 0.0000 233.0336 433.3552 1.0726 0.0000 0.0000 0.0000 3.6294 0.0000 3.6294 
2023 2 9 0 2.0100 98.3400 9999999.0000 0.0000 232.8967 433.3519 1.0719 0.0000 0.0000 0.0000 3.5951 0.0000 3.5951 
2023 2 10 0 2.1700 97.5400 9999999.0000 0.0000 232.7762 433.3489 1.0713 0.0000 0.0000 0.0000 3.5648 0.0000 3.5648 
2023 2 11 0 2.3600 94.6300 9999999.0000 0.0000 232.6743 433.3464 1.0708 0.0000 0.0000 0.0000 3.5393 0.0000 3.5393 
2023 2 12 0 2.5400 111.6200 9999999.0000 0.0000 232.5898 433.3443 1.0704 0.0000 0.0000 0.0000 3.5181 0.0000 3.5181 
2023 2 13 0 2.5300 115.7800 9999999.0000 0.0000 232.5062 433.3423 1.0699 0.0000 0.0000 0.0000 3.4971 0.0000 3.4971 
2023 2 14 0 2.5100 140.8300 9999999.0000 0.0000 232.4228 433.3402 1.0695 0.0000 0.0000 0.0000 3.4761 0.0000 3.4761 
2023 2 15 0 2.0900 122.5300 9999999.0000 0.0000 232.3055 433.3374 1.0689 0.0000 0.0000 0.0000 3.4467 0.0000 3.4467 
2023 2 16 0 1.9100 120.9800 9999999.0000 0.0000 232.1756 433.3342 1.0683 0.0000 0.0000 0.0000 3.4141 0.0000 3.4141 
2023 2 17 0 2.2800 92.1200 9999999.0000 0.0000 232.0797 433.3318 1.0678 0.0000 0.0000 0.0000 3.3900 0.0000 3.3900 
2023 2 18 0 2.4800 97.8800 9999999.0000 0.0000 232.0027 433.3299 1.0674 0.0000 0.0000 0.0000 3.3707 0.0000 3.3707 
2023 2 19 0 2.6000 107.6300 9999999.0000 0.0000 231.9375 433.3283 1.0671 0.0000 0.0000 0.0000 3.3544 0.0000 3.3544 
2023 2 20 0 2.8000 77.5600 9999999.0000 0.0000 231.8907 433.3272 1.0668 0.0000 0.0000 0.0000 3.3426 0.0000 3.3426 
2023 2 21 0 3.0100 106.7100 9999999.0000 0.0000 231.8625 433.3265 1.0667 0.0000 0.0000 0.0000 3.3356 0.0000 3.3356 
2023 2 22 0 2.5800 118.3800 9999999.0000 0.0000 231.7986 433.3249 1.0664 0.0000 0.0000 0.0000 3.3195 0.0000 3.3195 
2023 2 23 0 2.5400 116.1600 9999999.0000 0.0000 231.7327 433.3233 1.0661 0.0000 0.0000 0.0000 3.3030 0.0000 3.3030 
2023 2 24 0 2.2400 103.8000 9999999.0000 0.0000 231.6428 433.3211 1.0656 0.0000 0.0000 0.0000 3.2804 0.0000 3.2804 
2023 2 25 0 2.4500 97.6000 9999999.0000 0.0120 231.5736 433.3194 1.0653 0.0000 0.0000 0.0000 3.2631 0.0000 3.2631 
2023 2 26 0 2.5300 111.9200 9999999.0000 0.1498 231.5243 433.3182 1.0650 0.0000 0.0000 0.0000 3.2507 0.0000 3.2507 
2023 2 27 0 2.2800 124.5700 9999999.0000 0.2055 231.4596 433.3166 1.0647 0.0000 0.0000 0.0000 3.2344 0.0000 3.2344 
2023 2 28 0 2.0800 124.0900 9999999.0000 0.2911 231.3866 433.3148 1.0643 0.0000 0.0000 0.0000 3.2161 0.0000 3.2161 
2023 3 1 0 2.1000 130.8400 9999999.0000 0.3860 231.3248 433.3133 1.0640 0.0000 0.0000 0.0000 3.2006 0.0000 3.2006 
2023 3 2 0 2.0200 120.4000 9999999.0000 0.4760 231.2652 433.3118 1.0637 0.0000 0.0000 0.0000 3.1857 0.0000 3.1857 
2023 3 3 0 1.7800 115.5800 9999999.0000 0.5573 231.1935 433.3100 1.0633 0.0000 0.0000 0.0000 3.1677 0.0000 3.1677 
2023 3 4 0 1.7700 112.2200 9999999.0000 0.6786 231.1327 433.3086 1.0630 0.0000 0.0000 0.0000 3.1524 0.0000 3.1524 
2023 3 5 0 2.0000 129.9600 9999999.0000 0.8476 231.1069 433.3079 1.0629 0.0000 0.0000 0.0000 3.1459 0.0000 3.1459 
2023 3 6 0 1.4500 153.1300 9999999.0000 1.0082 231.0488 433.3065 1.0626 0.0000 0.0000 0.0000 3.1314 0.0000 3.1314 
2023 3 7 0 0.9800 116.0800 9999999.0000 1.1517 230.9642 433.3044 1.0622 0.0000 0.0000 0.0000 3.1101 0.0000 3.1101 
2023 3 8 0 1.1200 150.8300 9999999.0000 1.2877 230.9048 433.3030 1.0619 0.0000 0.0000 0.0000 3.0952 0.0000 3.0952 
2023 3 9 0 0.9300 138.5100 9999999.0000 1.4159 230.8414 433.3014 1.0616 0.0000 0.0000 0.0000 3.0793 0.0000 3.0793 
2023 3 10 0 0.8700 127.3700 9999999.0000 1.5372 230.7846 433.3000 1.0613 0.0000 0.0000 0.0000 3.0651 0.0000 3.0651 
2023 3 11 0 0.8200 110.5300 9999999.0000 1.6523 230.7345 433.2988 1.0610 0.0000 0.0000 0.0000 3.0525 0.0000 3.0525 
2023 3 12 0 0.8100 106.8200 9999999.0000 1.7629 230.6939 433.2978 1.0608 0.0000 0.0000 0.0000 3.0423 0.0000 3.0423 
2023 3 13 0 0.8600 94.6800 9999999.0000 1.8695 230.6675 433.2971 1.0607 0.0000 0.0000 0.0000 3.0357 0.0000 3.0357 
2023 3 14 0 0.9200 102.8300 9999999.0000 1.9725 230.6554 433.2968 1.0606 0.0000 0.0000 0.0000 3.0326 0.0000 3.0326 
2023 3 15 0 0.8800 121.6400 9999999.0000 2.0707 230.6484 433.2967 1.0606 0.0000 0.0000 0.0000 3.0309 0.0000 3.0309 
2023 3 16 0 0.8200 112.8100 9999999.0000 2.1638 230.6444 433.2966 1.0606 0.0000 0.0000 0.0000 3.0299 0.0000 3.0299 
2023 3 17 0 1.0000 104.1500 9999999.0000 2.2551 230.6635 433.2970 1.0607 0.0000 0.0000 0.0000 3.0347 0.0000 3.0347 
2023 3 18 0 1.2000 109.0000 9999999.0000 2.3462 230.7067 433.2981 1.0609 0.0000 0.0000 0.0000 3.0455 0.0000 3.0455 
2023 3 19 0 1.3600 110.0900 9999999.0000 2.4356 230.7702 433.2996 1.0612 0.0000 0.0000 0.0000 3.0614 0.0000 3.0614 
2023 3 20 0 1.5400 116.7600 9999999.0000 2.5240 230.8550 433.3017 1.0616 0.0000 0.0000 0.0000 3.0827 0.0000 3.0827 
2023 3 21 0 1.6000 111.3100 9999999.0000 2.6101 230.9503 433.3041 1.0621 0.0000 0.0000 0.0000 3.1066 0.0000 3.1066 
2023 3 22 0 1.6300 92.3600 9999999.0000 2.6934 231.0532 433.3066 1.0626 0.0000 0.0000 0.0000 3.1325 0.0000 3.1325 
2023 3 23 0 1.8900 86.1100 9999999.0000 2.7767 231.1829 433.3098 1.0633 0.0000 0.0000 0.0000 3.1650 0.0000 3.1650 
2023 3 24 0 2.5300 83.8300 9999999.0000 2.8654 231.3716 433.3144 1.0642 0.0000 0.0000 0.0000 3.2124 0.0000 3.2124 
2023 3 25 0 3.1300 73.3600 9999999.0000 2.9604 231.6149 433.3204 1.0655 0.0000 0.0000 0.0000 3.2734 0.0000 3.2734 
2023 3 26 0 3.1500 92.4600 9999999.0000 3.0547 231.8628 433.3265 1.0667 0.0000 0.0000 0.0000 3.3356 0.0000 3.3356 
2023 3 27 0 3.2200 100.9400 9999999.0000 3.1473 232.1192 433.3328 1.0680 0.0000 0.0000 0.0000 3.4000 0.0000 3.4000 
2023 3 28 0 2.8500 123.8500 9999999.0000 3.2339 232.3462 433.3384 1.0691 0.0000 0.0000 0.0000 3.4569 0.0000 3.4569 
2023 3 29 0 1.9300 127.0200 9999999.0000 3.3066 232.4967 433.3421 1.0699 0.0000 0.0000 0.0000 3.4947 0.0000 3.4947 
2023 3 30 0 1.7200 103.7800 9999999.0000 3.3713 232.6317 433.3454 1.0706 0.0000 0.0000 0.0000 3.5286 0.0000 3.5286 
2023 3 31 0 1.6600 111.8200 9999999.0000 3.4148 232.7625 433.3486 1.0712 0.0000 0.0000 0.0000 3.5614 0.0000 3.5614 
2023 4 1 0 2.0000 97.9300 9999999.0000 3.4182 232.9195 433.3524 1.0720 0.0000 0.0000 0.0000 3.6008 0.0000 3.6008 
2023 4 2 0 2.1500 105.1000 9999999.0000 3.3950 233.0839 433.3565 1.0728 0.0000 0.0000 0.0000 3.6420 0.0000 3.6420 
2023 4 3 0 2.0200 126.4800 9999999.0000 3.3439 233.2295 433.3601 1.0736 0.0000 0.0000 0.0000 3.6786 0.0000 3.6786 
2023 4 4 0 1.5500 133.1300 9999999.0000 3.2690 233.3260 433.3624 1.0741 0.0000 0.0000 0.0000 3.7028 0.0000 3.7028 
2023 4 5 0 1.6200 130.9100 9999999.0000 3.1871 233.4193 433.3647 1.0745 0.0000 0.0000 0.0000 3.7262 0.0000 3.7262 
2023 4 6 0 1.3600 125.8900 9999999.0000 3.1019 233.4816 433.3662 1.0748 0.0000 0.0000 0.0000 3.7418 0.0000 3.7418 
2023 4 7 0 1.2700 117.9200 9999999.0000 3.0146 233.5275 433.3674 1.0751 0.0000 0.0000 0.0000 3.7533 0.0000 3.7533 
2023 4 8 0 1.3300 120.6500 9999999.0000 2.9284 233.5702 433.3684 1.0753 0.0000 0.0000 0.0000 3.7641 0.0000 3.7641 
2023 4 9 0 1.4700 110.2100 9999999.0000 2.8451 233.6168 433.3696 1.0755 0.0000 0.0000 0.0000 3.7758 0.0000 3.7758 
2023 4 10 0 1.6700 54.3700 9999999.0000 2.7673 233.6727 433.3709 1.0758 0.0000 0.0000 0.0000 3.7898 0.0000 3.7898 
2023 4 11 0 8.3500 84.4600 9999999.0000 3.4091 234.2886 433.3861 1.0789 0.0000 0.6860 0.0000 3.9444 0.0000 4.6304 
2023 4 12 0 7.4700 111.9800 9999999.0000 10.2293 234.7888 433.3984 1.0814 0.0000 7.8400 0.0000 4.0699 0.0000 11.9099 
2023 4 13 0 7.4800 107.2100 9999999.0000 12.0230 235.4310 433.4141 1.0846 0.0000 7.8400 0.0000 4.2310 0.0000 12.0710 
2023 4 14 0 8.9300 118.9300 9999999.0000 12.1638 236.1940 433.4329 1.0884 0.0000 7.8400 0.0000 4.4225 0.0000 12.2625 
2023 4 15 0 8.6500 111.6600 9999999.0000 12.1457 236.9156 433.4506 1.0921 0.0000 7.8400 0.0000 4.6036 0.0000 12.4436 
2023 4 16 0 8.6700 115.1500 9999999.0000 12.1232 237.6217 433.4679 1.0956 0.0000 7.8400 0.0000 4.7807 0.0000 12.6207 
2023 4 17 0 9.1800 125.4800 9999999.0000 12.1081 238.3547 433.4859 1.0993 0.0000 7.8400 0.0000 4.9647 0.0000 12.8047 
2023 4 18 0 9.7300 114.7600 9999999.0000 12.1023 239.1181 433.5047 1.1031 0.0000 7.8400 0.0000 5.1562 0.0000 12.9962 
2023 4 19 0 10.0800 108.7500 9999999.0000 12.1050 239.8952 433.5238 1.1070 0.0000 7.8400 0.0000 5.3512 0.0000 13.1912 
2023 4 20 0 10.8000 111.1600 9999999.0000 12.1213 240.7180 433.5440 1.1111 0.0000 7.8400 0.0000 5.5577 0.0000 13.3977 
2023 4 21 0 11.7400 107.9900 9999999.0000 12.1572 241.6059 433.5658 1.1156 0.0000 7.8400 0.0000 5.7805 0.0000 13.6205 
2023 4 22 0 12.8800 98.4000 9999999.0000 12.2152 242.5763 433.5896 1.1205 0.0000 7.8400 0.0000 6.0240 0.0000 13.8640 
2023 4 23 0 17.6000 97.8600 9999999.0000 12.3306 243.9350 433.6230 1.1273 0.0000 7.8400 0.0000 6.3650 0.0000 14.2050 
2023 4 24 0 18.2000 116.5300 9999999.0000 12.4611 245.3267 433.6572 1.1343 0.0000 7.8400 0.0000 6.7142 0.0000 14.5542 
2023 4 25 0 16.6200 104.4700 9999999.0000 12.5677 246.5642 433.6876 1.1405 0.0000 7.8400 0.0000 7.0247 0.0000 14.8647 
2023 4 26 0 14.2700 114.3700 9999999.0000 12.6342 247.5823 433.7126 1.1456 0.0000 7.8400 0.0000 7.2802 0.0000 15.1202 
2023 4 27 0 11.6200 123.3800 9999999.0000 12.6561 248.3566 433.7316 1.1495 0.0000 7.8400 0.0000 7.4745 0.0000 15.3145 
2023 4 28 0 9.9200 121.7100 9999999.0000 12.6467 248.9699 433.7467 1.1526 0.0000 7.8400 0.0000 7.6284 0.0000 15.4684 
2023 4 29 0 8.7300 112.7000 9999999.0000 12.6177 249.4671 433.7589 1.1551 0.0000 7.8400 0.0000 7.7531 0.0000 15.5931 
2023 4 30 0 8.0800 99.7900 9999999.0000 12.5776 249.8954 433.7694 1.1572 0.0000 7.8400 0.0000 7.8606 0.0000 15.7006 
2023 5 1 0 7.7400 106.3400 9999999.0000 12.5327 250.2820 433.7789 1.1591 0.0000 7.8400 0.0000 7.9576 0.0000 15.7976 
2023 5 2 0 7.8000 121.7900 9999999.0000 12.4904 250.6619 433.7882 1.1610 0.0000 7.8400 0.0000 8.0530 0.0000 15.8930 
2023 5 3 0 8.0900 118.1800 9999999.0000 12.4548 251.0553 433.7979 1.1630 0.0000 7.8400 0.0000 8.1517 0.0000 15.9917 
2023 5 4 0 8.2700 112.1600 9999999.0000 12.4244 251.4530 433.8076 1.1650 0.0000 7.8400 0.0000 8.2515 0.0000 16.0915 
2023 5 5 0 7.5600 97.5700 9999999.0000 12.3880 251.7791 433.8156 1.1667 0.0000 7.8400 0.0000 8.3333 0.0000 16.1733 
2023 5 6 0 6.9700 94.9300 9999999.0000 12.3427 252.0446 433.8222 1.1680 0.0000 7.8400 0.0000 8.3999 0.0000 16.2399 
2023 5 7 0 7.4000 88.0500 9999999.0000 12.2983 252.3371 433.8294 1.1695 0.0000 7.8400 0.0000 8.4733 0.0000 16.3133 
2023 5 8 0 8.5300 102.0400 9999999.0000 12.2681 252.7164 433.8387 1.1714 0.0000 7.8400 0.0000 8.5685 0.0000 16.4085 
2023 5 9 0 12.0600 96.1600 9999999.0000 12.2859 253.3876 433.8552 1.1747 0.0000 7.8400 0.0000 8.7369 0.0000 16.5769 
2023 5 10 0 20.8000 94.0200 9999999.0000 12.4345 254.7963 433.8898 1.1818 0.0000 7.8400 0.0000 9.0904 0.0000 16.9304 
2023 5 11 0 22.7500 101.3600 9999999.0000 7.5030 256.3953 433.9290 1.1898 0.0000 2.2540 0.0000 9.4917 0.0000 11.7457 
2023 5 12 0 22.9000 91.5000 9999999.0000 4.3742 257.8991 433.9660 1.1974 0.0000 0.0000 0.0000 9.8690 0.0000 9.8690 
2023 5 13 0 23.9100 74.6100 9999999.0000 4.1523 259.2613 433.9994 1.2042 0.0000 0.0000 0.0000 12.2960 0.0000 12.2960 
2023 5 14 0 23.4900 72.7500 9999999.0000 4.6192 260.3666 434.0266 1.2097 0.0000 0.0000 0.0000 15.3161 0.0000 15.3161 
2023 5 15 0 23.1100 94.8900 9999999.0000 5.2018 261.2750 434.0489 1.2143 0.0000 0.0000 0.0000 17.7981 0.0000 17.7981 
2023 5 16 0 22.3800 63.0700 9999999.0000 5.8719 262.0057 434.0668 1.2180 0.0000 0.0000 0.0000 19.7946 0.0000 19.7946 
2023 5 17 0 20.6100 54.3000 9999999.0000 6.5249 262.5188 434.0794 1.2205 0.0000 0.0000 0.0000 21.1965 0.0000 21.1965 
2023 5 18 0 17.5500 88.1100 9999999.0000 7.0949 262.7598 434.0853 1.2218 0.0000 0.0000 0.0000 21.8551 0.0000 21.8551 
2023 5 19 0 15.8600 92.9400 9999999.0000 7.5907 262.8714 434.0881 1.2223 0.0000 0.0000 0.0000 22.1599 0.0000 22.1599 
2023 5 20 0 16.0900 52.6300 9999999.0000 8.0487 263.0097 434.0915 1.2230 0.0000 0.0000 0.0000 22.5378 0.0000 22.5378 
2023 5 21 0 15.8900 37.1300 9999999.0000 8.4687 263.1370 434.0946 1.2237 0.0000 0.0000 0.0000 22.8856 0.0000 22.8856 
2023 5 22 0 16.3600 84.4700 9999999.0000 8.8578 263.3000 434.0986 1.2245 0.0000 0.0000 0.0000 23.3310 0.0000 23.3310 
2023 5 23 0 22.1100 63.0000 9999999.0000 9.3015 263.8648 434.1125 1.2273 0.0000 0.0000 0.0000 24.8743 0.0000 24.8743 
2023 5 24 0 20.3000 82.4800 9999999.0000 9.7427 264.2261 434.1214 1.2291 0.0000 0.0000 0.0000 25.8614 0.0000 25.8614 
2023 5 25 0 18.1400 57.6600 9999999.0000 10.1408 264.3952 434.1255 1.2300 0.0000 0.0000 0.0000 26.3234 0.0000 26.3234 
2023 5 26 0 15.6500 61.9200 9999999.0000 10.4994 264.3830 434.1252 1.2299 0.0000 0.0000 0.0000 26.2902 0.0000 26.2902 
2023 5 27 0 13.4700 61.7400 9999999.0000 10.8061 264.2423 434.1218 1.2292 0.0000 0.0000 0.0000 25.9055 0.0000 25.9055 
2023 5 28 0 11.7600 48.1500 9999999.0000 11.0423 264.0253 434.1164 1.2281 0.0000 0.0000 0.0000 25.3129 0.0000 25.3129 
2023 5 29 0 10.1200 41.9900 9999999.0000 11.1965 263.7460 434.1096 1.2267 0.0000 0.0000 0.0000 24.5496 0.0000 24.5496 
2023 5 30 0 8.7000 85.7800 9999999.0000 11.2810 263.4267 434.1017 1.2251 0.0000 0.0000 0.0000 23.6771 0.0000 23.6771 
2023 5 31 0 7.6900 60.1500 9999999.0000 11.3083 263.0996 434.0937 1.2235 0.0000 0.0000 0.0000 22.7835 0.0000 22.7835 
2023 6 1 0 6.9000 67.1300 9999999.0000 11.2877 262.7784 434.0858 1.2219 0.0000 0.0000 0.0000 21.9058 0.0000 21.9058 
2023 6 2 0 6.0900 80.9600 9999999.0000 11.2220 262.4573 434.0779 1.2202 0.0000 0.0000 0.0000 21.0284 0.0000 21.0284 
2023 6 3 0 5.3100 62.3200 9999999.0000 11.1157 262.1355 434.0700 1.2186 0.0000 0.0000 0.0000 20.1493 0.0000 20.1493 
2023 6 4 0 4.6300 61.2100 9999999.0000 10.9760 261.8180 434.0622 1.2170 0.0000 0.0000 0.0000 19.2816 0.0000 19.2816 
2023 6 5 0 4.1000 87.8500 9999999.0000 10.8093 261.5124 434.0547 1.2155 0.0000 0.0000 0.0000 18.4466 0.0000 18.4466 
2023 6 6 0 3.6100 90.1800 9999999.0000 10.6192 261.2176 434.0475 1.2140 0.0000 0.0000 0.0000 17.6411 0.0000 17.6411 
2023 6 7 0 3.1600 96.7800 9999999.0000 10.4091 260.9329 434.0405 1.2126 0.0000 0.0000 0.0000 16.8634 0.0000 16.8634 
2023 6 8 0 2.7600 89.0900 9999999.0000 10.1826 260.6589 434.0337 1.2112 0.0000 0.0000 0.0000 16.1146 0.0000 16.1146 
2023 6 9 0 2.3700 88.9200 9999999.0000 9.9425 260.3931 434.0272 1.2099 0.0000 0.0000 0.0000 15.3885 0.0000 15.3885 
2023 6 10 0 2.0500 61.8300 9999999.0000 9.6916 260.1382 434.0210 1.2086 0.0000 0.0000 0.0000 14.6920 0.0000 14.6920 
2023 6 11 0 1.7700 47.6500 9999999.0000 9.4329 259.8943 434.0150 1.2074 0.0000 0.0000 0.0000 14.0256 0.0000 14.0256 
2023 6 12 0 1.5200 88.7900 9999999.0000 9.1686 259.6611 434.0092 1.2062 0.0000 0.0000 0.0000 13.3883 0.0000 13.3883 
2023 6 13 0 1.3100 99.0700 9999999.0000 8.9012 259.4390 434.0038 1.2051 0.0000 0.0000 0.0000 12.7815 0.0000 12.7815 
2023 6 14 0 1.1500 105.6600 9999999.0000 8.6325 259.2294 433.9986 1.2040 0.0000 0.0000 0.0000 12.2087 0.0000 12.2087 
2023 6 15 0 1.0200 116.5000 9999999.0000 8.3643 259.0319 433.9938 1.2031 0.0000 0.0000 0.0000 11.6693 0.0000 11.6693 
2023 6 16 0 0.9400 123.1200 9999999.0000 8.0986 258.8481 433.9893 1.2021 0.0000 0.0000 0.0000 11.1669 0.0000 11.1669 
2023 6 17 0 0.8800 107.5100 9999999.0000 7.8365 258.6768 433.9851 1.2013 0.0000 0.0000 0.0000 10.6989 0.0000 10.6989 
2023 6 18 0 0.8300 102.7200 9999999.0000 7.5789 258.5167 433.9811 1.2005 0.0000 0.0000 0.0000 10.2615 0.0000 10.2615 
2023 6 19 0 0.7800 116.7200 9999999.0000 7.3266 258.3661 433.9774 1.1997 0.0000 0.0000 0.0000 9.8500 0.0000 9.8500 
2023 6 20 0 0.7500 131.3100 9999999.0000 7.0812 258.1839 433.9730 1.1988 0.0000 0.0000 0.0000 9.9405 0.0000 9.9405 
2023 6 21 0 0.7300 131.9100 9999999.0000 6.8455 257.9839 433.9680 1.1978 0.0000 0.0000 0.0000 9.8903 0.0000 9.8903 
2023 6 22 0 0.6900 129.3300 9999999.0000 6.6362 257.7670 433.9627 1.1967 0.0000 0.0000 0.0000 9.8359 0.0000 9.8359 
2023 6 23 0 0.6400 112.7300 9999999.0000 6.4376 257.5338 433.9570 1.1955 0.0000 0.0000 0.0000 9.7774 0.0000 9.7774 
2023 6 24 0 0.5900 91.6000 9999999.0000 6.2428 257.2848 433.9509 1.1943 0.0000 0.0000 0.0000 9.7149 0.0000 9.7149 
2023 6 25 0 0.5500 78.9200 9999999.0000 6.0505 257.0214 433.9444 1.1930 0.0000 0.0000 0.0000 9.6488 0.0000 9.6488 
2023 6 26 0 0.6400 97.3600 9999999.0000 5.8620 256.7553 433.9379 1.1916 0.0000 0.0000 0.0000 9.5820 0.0000 9.5820 
2023 6 27 0 0.7400 97.1000 9999999.0000 5.6787 256.4878 433.9313 1.1903 0.0000 0.0000 0.0000 9.5149 0.0000 9.5149 
2023 6 28 0 0.6600 110.3800 9999999.0000 5.5001 256.2041 433.9243 1.1889 0.0000 0.0000 0.0000 9.4437 0.0000 9.4437 
2023 6 29 0 0.6600 115.5800 9999999.0000 5.3262 255.9117 433.9171 1.1874 0.0000 0.0000 0.0000 9.3703 0.0000 9.3703 
2023 6 30 0 0.8700 106.1600 9999999.0000 5.1593 255.6291 433.9102 1.1860 0.0000 0.0000 0.0000 9.2994 0.0000 9.2994 
2023 7 1 0 0.8500 61.0800 9999999.0000 4.9971 255.3372 433.9030 1.1845 0.0000 0.0000 0.0000 9.2262 0.0000 9.2262 
2023 7 2 0 0.9700 15.9100 9999999.0000 4.8411 255.0484 433.8959 1.1831 0.0000 0.0000 0.0000 9.1537 0.0000 9.1537 
2023 7 3 0 0.9700 50.3200 9999999.0000 4.6900 254.7529 433.8887 1.1816 0.0000 0.0000 0.0000 9.0796 0.0000 9.0796 
2023 7 4 0 1.2800 83.2500 9999999.0000 4.5482 254.4780 433.8819 1.1802 0.0000 0.0000 0.0000 9.0106 0.0000 9.0106 
2023 7 5 0 1.2700 80.5300 9999999.0000 4.4124 254.1965 433.8750 1.1788 0.0000 0.0000 0.0000 8.9399 0.0000 8.9399 
2023 7 6 0 1.4200 96.7500 9999999.0000 4.2844 253.9229 433.8683 1.1774 0.0000 0.0000 0.0000 8.8713 0.0000 8.8713 
2023 7 7 0 1.3100 101.0400 9999999.0000 4.1646 253.6356 433.8612 1.1760 0.0000 0.0000 0.0000 8.7992 0.0000 8.7992 
2023 7 8 0 1.0700 87.4600 9999999.0000 4.0586 253.3252 433.8536 1.1744 0.0000 0.0000 0.0000 8.7213 0.0000 8.7213 
2023 7 9 0 0.9700 94.0500 9999999.0000 3.9636 253.0049 433.8458 1.1728 0.0000 0.0000 0.0000 8.6409 0.0000 8.6409 
2023 7 10 0 1.0200 98.2100 9999999.0000 3.8753 252.6882 433.8380 1.1712 0.0000 0.0000 0.0000 8.5614 0.0000 8.5614 
2023 7 11 0 1.5700 89.8900 9999999.0000 3.7964 252.4180 433.8313 1.1699 0.0000 0.0000 0.0000 8.4936 0.0000 8.4936 
2023 7 12 0 2.6200 76.6900 9999999.0000 3.7362 252.2372 433.8269 1.1690 0.0000 0.0000 0.0000 8.4483 0.0000 8.4483 
2023 7 13 0 2.3300 83.4900 9999999.0000 3.6785 252.0309 433.8218 1.1679 0.0000 0.0000 0.0000 8.3965 0.0000 8.3965 
2023 7 14 0 2.0600 85.4800 9999999.0000 3.6171 251.8009 433.8162 1.1668 0.0000 0.0000 0.0000 8.3388 0.0000 8.3388 
2023 7 15 0 2.8100 33.3300 9999999.0000 3.5653 251.6349 433.8121 1.1659 0.0000 0.0000 0.0000 8.2971 0.0000 8.2971 
2023 7 16 0 6.2600 17.8600 9999999.0000 3.5647 251.7641 433.8153 1.1666 0.0000 0.0000 0.0000 8.3295 0.0000 8.3295 
2023 7 17 0 9.3400 30.5600 9999999.0000 3.6233 252.1559 433.8249 1.1685 0.0000 0.0000 0.0000 8.4279 0.0000 8.4279 
2023 7 18 0 8.0100 64.7000 9999999.0000 3.6834 252.4321 433.8317 1.1699 0.0000 0.0000 0.0000 8.4972 0.0000 8.4972 
2023 7 19 0 6.2000 77.7600 9999999.0000 10.9762 252.5030 433.8334 1.1703 0.0000 7.8400 0.0000 8.5150 0.0000 16.3550 
2023 7 20 0 5.1000 64.6700 9999999.0000 12.8976 252.6419 433.8368 1.1710 0.0000 7.8400 0.0000 8.5498 0.0000 16.3898 
2023 7 21 0 4.3100 83.1300 9999999.0000 12.9751 252.7176 433.8387 1.1714 0.0000 7.8400 0.0000 8.5688 0.0000 16.4088 
2023 7 22 0 3.7900 75.6300 9999999.0000 12.8548 252.7376 433.8392 1.1715 0.0000 7.8400 0.0000 8.5738 0.0000 16.4138 
2023 7 23 0 3.7000 33.2000 9999999.0000 12.7234 252.7384 433.8392 1.1715 0.0000 7.8400 0.0000 8.5740 0.0000 16.4140 
2023 7 24 0 3.2800 69.9000 9999999.0000 12.5897 252.6924 433.8381 1.1712 0.0000 7.8400 0.0000 8.5625 0.0000 16.4025 
2023 7 25 0 2.7900 60.2500 9999999.0000 12.4539 252.5944 433.8357 1.1707 0.0000 7.8400 0.0000 8.5379 0.0000 16.3779 
2023 7 26 0 2.5100 69.5200 9999999.0000 12.3183 252.4634 433.8325 1.1701 0.0000 7.8400 0.0000 8.5050 0.0000 16.3450 
2023 7 27 0 2.2700 87.3400 9999999.0000 12.1841 252.3034 433.8285 1.1693 0.0000 7.8400 0.0000 8.4649 0.0000 16.3049 
2023 7 28 0 1.9500 86.7600 9999999.0000 12.0505 252.1086 433.8237 1.1683 0.0000 7.8400 0.0000 8.4160 0.0000 16.2560 
2023 7 29 0 1.6500 74.6100 9999999.0000 11.9185 251.8813 433.8182 1.1672 0.0000 7.8400 0.0000 8.3590 0.0000 16.1990 
2023 7 30 0 1.4300 39.5200 9999999.0000 11.7902 251.6294 433.8120 1.1659 0.0000 7.8400 0.0000 8.2958 0.0000 16.1358 
2023 7 31 0 1.2100 69.3300 9999999.0000 11.6741 251.3544 433.8052 1.1645 0.0000 7.8400 0.0000 8.2267 0.0000 16.0667 
2023 8 1 0 1.0400 73.8700 9999999.0000 11.5591 251.0612 433.7980 1.1631 0.0000 7.8400 0.0000 8.1532 0.0000 15.9932 
2023 8 2 0 0.9600 64.7500 9999999.0000 11.4421 250.7575 433.7906 1.1615 0.0000 7.8400 0.0000 8.0770 0.0000 15.9170 
2023 8 3 0 0.9200 43.5500 9999999.0000 11.3258 250.4470 433.7829 1.1600 0.0000 7.8400 0.0000 7.9991 0.0000 15.8391 
2023 8 4 0 0.9000 62.1300 9999999.0000 11.2121 250.1319 433.7752 1.1584 0.0000 7.8400 0.0000 7.9200 0.0000 15.7600 
2023 8 5 0 0.9000 76.9400 9999999.0000 11.1022 249.8141 433.7674 1.1568 0.0000 7.8400 0.0000 7.8402 0.0000 15.6802 
2023 8 6 0 0.8400 57.5500 9999999.0000 10.9956 249.4889 433.7594 1.1552 0.0000 7.8400 0.0000 7.7586 0.0000 15.5986 
2023 8 7 0 0.8300 16.8300 9999999.0000 10.8924 249.1611 433.7513 1.1535 0.0000 7.8400 0.0000 7.6764 0.0000 15.5164 
2023 8 8 0 2.1500 0.0400 9999999.0000 10.8099 248.9450 433.7460 1.1524 0.0000 7.8400 0.0000 7.6221 0.0000 15.4621 
2023 8 9 0 1.8500 14.7000 9999999.0000 10.7374 248.7019 433.7401 1.1512 0.0000 7.8400 0.0000 7.5611 0.0000 15.4011 
2023 8 10 0 1.5100 51.2900 9999999.0000 10.6651 248.4290 433.7334 1.1498 0.0000 7.8400 0.0000 7.4927 0.0000 15.3327 
2023 8 11 0 1.2600 72.3800 9999999.0000 10.5951 248.1349 433.7261 1.1484 0.0000 7.8400 0.0000 7.4189 0.0000 15.2589 
2023 8 12 0 1.0600 69.7000 9999999.0000 10.5220 247.8240 433.7185 1.1468 0.0000 7.8400 0.0000 7.3408 0.0000 15.1808 
2023 8 13 0 0.9800 63.1900 9999999.0000 10.4465 247.5065 433.7107 1.1452 0.0000 7.8400 0.0000 7.2612 0.0000 15.1012 
2023 8 14 0 1.0100 85.9500 9999999.0000 10.3723 247.1920 433.7030 1.1436 0.0000 7.8400 0.0000 7.1823 0.0000 15.0223 
2023 8 15 0 3.4800 82.7300 9999999.0000 10.3311 247.0896 433.7005 1.1431 0.0000 7.8400 0.0000 7.1566 0.0000 14.9966 
2023 8 16 0 4.6200 93.5300 9999999.0000 10.3131 247.0842 433.7003 1.1431 0.0000 7.8400 0.0000 7.1552 0.0000 14.9952 
2023 8 17 0 3.8200 92.9900 9999999.0000 10.2896 247.0093 433.6985 1.1427 0.0000 7.8400 0.0000 7.1364 0.0000 14.9764 
2023 8 18 0 3.1900 84.3900 9999999.0000 10.2560 246.8799 433.6953 1.1421 0.0000 7.8400 0.0000 7.1039 0.0000 14.9439 
2023 8 19 0 3.0500 48.8800 9999999.0000 10.2186 246.7382 433.6918 1.1414 0.0000 7.8400 0.0000 7.0684 0.0000 14.9084 
2023 8 20 0 5.8000 75.6000 9999999.0000 10.2148 246.8318 433.6941 1.1418 0.0000 7.8400 0.0000 7.0919 0.0000 14.9319 
2023 8 21 0 4.4800 88.4800 9999999.0000 10.2036 246.8108 433.6936 1.1417 0.0000 7.8400 0.0000 7.0866 0.0000 14.9266 
2023 8 22 0 3.6300 92.0800 9999999.0000 10.1785 246.7163 433.6913 1.1412 0.0000 7.8400 0.0000 7.0629 0.0000 14.9029 
2023 8 23 0 3.0800 99.5400 9999999.0000 10.1443 246.5743 433.6878 1.1405 0.0000 7.8400 0.0000 7.0273 0.0000 14.8673 
2023 8 24 0 2.6200 99.6900 9999999.0000 10.1036 246.3930 433.6834 1.1396 0.0000 7.8400 0.0000 6.9818 0.0000 14.8218 
2023 8 25 0 3.4700 93.1800 9999999.0000 10.0731 246.2849 433.6807 1.1391 0.0000 7.8400 0.0000 6.9546 0.0000 14.7946 
2023 8 26 0 5.5000 87.9600 9999999.0000 10.0710 246.3505 433.6823 1.1394 0.0000 7.8400 0.0000 6.9711 0.0000 14.8111 
2023 8 27 0 5.8400 89.4800 9999999.0000 10.0799 246.4443 433.6846 1.1399 0.0000 7.8400 0.0000 6.9946 0.0000 14.8346 
2023 8 28 0 4.5500 91.8000 9999999.0000 10.0742 246.4265 433.6842 1.1398 0.0000 7.8400 0.0000 6.9902 0.0000 14.8302 
2023 8 29 0 3.6900 95.0600 9999999.0000 10.0541 246.3347 433.6819 1.1393 0.0000 7.8400 0.0000 6.9671 0.0000 14.8071 
2023 8 30 0 3.1200 99.5900 9999999.0000 10.0245 246.1941 433.6785 1.1386 0.0000 7.8400 0.0000 6.9318 0.0000 14.7718 
2023 8 31 0 2.7800 97.2200 9999999.0000 9.9900 246.0248 433.6743 1.1378 0.0000 7.8400 0.0000 6.8894 0.0000 14.7294 
