POWERSTATION node 7 SVEIGSHYL_II
init_Power = 0.00000
penstock_config = SEPARATE
headloss_coef = 0.145000
yyyy mm dd hh [m3/s]    [Euro/MWh]  [fr_g0] [m3/s] [m3/s] [Euro] [Euro] [m] [m] [MWh] [Euro] [Euro] [GWh/Mm3]
yyyy mm dd hh Up_Inflow Price Action_g0 tot_outflow auto_qmin income startstopCost Hnetto Hbrutto Power adjust_cost profit est_eekv
2022 9 1 0 0.0000 564.8800 0.0000 0.0000 0.0000 0.0000 0.0000 166.2734 166.2734 0.0000 0.0000 0.0000 0.0000
2022 9 2 0 0.0000 425.8500 0.0000 0.0000 0.0000 0.0000 0.0000 166.2760 166.2760 0.0000 0.0000 0.0000 0.0000
2022 9 3 0 0.0000 383.9200 0.0000 0.0000 0.0000 0.0000 0.0000 166.2783 166.2783 0.0000 0.0000 0.0000 0.0000
2022 9 4 0 3.7800 310.1000 0.6300 3.7800 0.0000 39392.0558 1.0000 164.1856 166.2574 127.0302 0.0000 39391.0558 0.3890
2022 9 5 0 4.8000 388.8400 0.8000 4.8000 0.0000 62010.6318 0.0000 162.8665 166.2073 159.4760 0.0000 62010.6318 0.3845
2022 9 6 0 4.8000 414.3500 0.8000 4.8000 0.0000 66056.1338 0.0000 162.8105 166.1513 159.4211 0.0000 66056.1338 0.3844
2022 9 7 0 4.8000 451.5300 0.8000 4.8000 0.0000 71958.7469 0.0000 162.7547 166.0955 159.3665 0.0000 71958.7469 0.3843
2022 9 8 0 4.8000 426.5600 0.8000 4.8000 0.0000 67955.9902 0.0000 162.6987 166.0395 159.3117 0.0000 67955.9902 0.3841
2022 9 9 0 4.8000 352.9300 0.8000 4.8000 0.0000 56206.4235 0.0000 162.6425 165.9833 159.2566 0.0000 56206.4235 0.3840
2022 9 10 0 4.8000 410.9400 0.8000 4.8000 0.0000 65422.2311 0.0000 162.5861 165.9269 159.2014 0.0000 65422.2311 0.3839
2022 9 11 0 4.8000 400.0100 0.8000 4.8000 0.0000 63660.1920 0.0000 162.5300 165.8708 159.1465 0.0000 63660.1920 0.3837
2022 9 12 0 4.8000 407.9500 0.8000 4.8000 0.0000 64901.9026 0.0000 162.4752 165.8160 159.0928 0.0000 64901.9026 0.3836
2022 9 13 0 4.8000 382.5800 0.8000 4.8000 0.0000 60847.5631 0.0000 162.4267 165.7675 159.0453 0.0000 60847.5631 0.3835
2022 9 14 0 4.8000 425.5000 0.8000 4.8000 0.0000 67654.7832 0.0000 162.3811 165.7219 159.0007 0.0000 67654.7832 0.3834
2022 9 15 0 4.8000 355.8200 0.8000 4.8000 0.0000 56558.5001 0.0000 162.3320 165.6728 158.9526 0.0000 56558.5001 0.3833
2022 9 16 0 4.8000 329.3900 0.8000 4.8000 0.0000 52340.9431 0.0000 162.2810 165.6218 158.9026 0.0000 52340.9431 0.3832
2022 9 17 0 4.8000 246.9600 0.8000 4.8000 0.0000 39229.8975 0.0000 162.2285 165.5693 158.8512 0.0000 39229.8975 0.3830
2022 9 18 0 4.8000 117.5900 0.8000 4.8000 0.0000 18673.1253 0.0000 162.1747 165.5155 158.7986 0.0000 18673.1253 0.3829
2022 9 19 0 4.8000 288.3300 0.8000 4.8000 0.0000 45770.9590 0.0000 162.1201 165.4609 158.7451 0.0000 45770.9590 0.3828
2022 9 20 0 4.8000 380.8200 0.8000 4.8000 0.0000 60432.6759 0.0000 162.0648 165.4056 158.6909 0.0000 60432.6759 0.3826
2022 9 21 0 4.8000 388.8300 0.8000 4.8000 0.0000 61682.5961 0.0000 162.0091 165.3499 158.6364 0.0000 61682.5961 0.3825
2022 9 22 0 4.8000 378.9000 0.8000 4.8000 0.0000 60086.5968 0.0000 161.9532 165.2940 158.5817 0.0000 60086.5968 0.3824
2022 9 23 0 4.8000 359.9800 0.8000 4.8000 0.0000 57066.5073 0.0000 161.8973 165.2381 158.5269 0.0000 57066.5073 0.3823
2022 9 24 0 4.8000 350.7100 0.8000 4.8000 0.0000 55577.7834 0.0000 161.8414 165.1822 158.4722 0.0000 55577.7834 0.3821
2022 9 25 0 4.8000 299.0800 0.8000 4.8000 0.0000 47380.9159 0.0000 161.7904 165.1312 158.4222 0.0000 47380.9159 0.3820
2022 9 26 0 4.8000 259.4000 0.8000 4.8000 0.0000 41084.1519 0.0000 161.7487 165.0895 158.3815 0.0000 41084.1519 0.3819
2022 9 27 0 4.8000 306.8900 0.8000 4.8000 0.0000 48595.7190 0.0000 161.7156 165.0564 158.3490 0.0000 48595.7190 0.3818
2022 9 28 0 4.8000 308.5200 0.8000 4.8000 0.0000 48847.3883 0.0000 161.6943 165.0351 158.3281 0.0000 48847.3883 0.3818
2022 9 29 0 4.8000 347.1000 0.8000 4.8000 0.0000 54948.7007 0.0000 161.6737 165.0145 158.3080 0.0000 54948.7007 0.3817
2022 9 30 0 4.8000 278.9700 0.8000 4.8000 0.0000 44154.4824 0.0000 161.6419 164.9827 158.2768 0.0000 44154.4824 0.3816
2022 10 1 0 4.8000 90.2400 0.8000 4.8000 0.0000 14280.7557 0.0000 161.6176 164.9584 158.2531 0.0000 14280.7557 0.3816
2022 10 2 0 4.8000 182.7200 0.8000 4.8000 0.0000 28914.1816 0.0000 161.6075 164.9483 158.2431 0.0000 28914.1816 0.3816
2022 10 3 0 4.8000 234.6000 0.8000 4.8000 0.0000 37121.1478 0.0000 161.5958 164.9366 158.2317 0.0000 37121.1478 0.3815
2022 10 4 0 4.8000 199.0100 0.8000 4.8000 0.0000 31486.2860 0.0000 161.5783 164.9191 158.2146 0.0000 31486.2860 0.3815
2022 10 5 0 4.8000 51.1100 0.8000 4.8000 0.0000 8086.2187 0.0000 161.5757 164.9165 158.2121 0.0000 8086.2187 0.3815
2022 10 6 0 4.8000 23.8700 0.8000 4.8000 0.0000 3777.2229 0.0000 161.6057 164.9465 158.2414 0.0000 3777.2229 0.3816
2022 10 7 0 4.8000 30.2900 0.8000 4.8000 0.0000 4793.6752 0.0000 161.6240 164.9648 158.2593 0.0000 4793.6752 0.3816
2022 10 8 0 4.8000 53.3800 0.8000 4.8000 0.0000 8447.2556 0.0000 161.6120 164.9528 158.2476 0.0000 8447.2556 0.3816
2022 10 9 0 4.8000 91.9400 0.8000 4.8000 0.0000 14547.5640 0.0000 161.5929 164.9337 158.2289 0.0000 14547.5640 0.3815
2022 10 10 0 4.8000 137.7100 0.8000 4.8000 0.0000 21786.1807 0.0000 161.5668 164.9076 158.2033 0.0000 21786.1807 0.3815
2022 10 11 0 4.8000 174.3200 0.8000 4.8000 0.0000 27573.0547 0.0000 161.5378 164.8786 158.1749 0.0000 27573.0547 0.3814
2022 10 12 0 4.8000 199.9900 0.8000 4.8000 0.0000 31627.1836 0.0000 161.5060 164.8468 158.1438 0.0000 31627.1836 0.3813
2022 10 13 0 4.8000 233.6000 0.8000 4.8000 0.0000 36934.3422 0.0000 161.4708 164.8116 158.1093 0.0000 36934.3422 0.3812
2022 10 14 0 4.8000 217.2400 0.8000 4.8000 0.0000 34339.6189 0.0000 161.4330 164.7738 158.0723 0.0000 34339.6189 0.3812
2022 10 15 0 4.8000 154.6600 0.8000 4.8000 0.0000 24442.4496 0.0000 161.3999 164.7407 158.0399 0.0000 24442.4496 0.3811
2022 10 16 0 4.8000 113.2100 0.8000 4.8000 0.0000 17889.0475 0.0000 161.3760 164.7168 158.0165 0.0000 17889.0475 0.3810
2022 10 17 0 4.8000 146.2200 0.8000 4.8000 0.0000 23102.0254 0.0000 161.3540 164.6948 157.9950 0.0000 23102.0254 0.3810
2022 10 18 0 4.8000 163.8200 0.8000 4.8000 0.0000 25878.8764 0.0000 161.3300 164.6708 157.9714 0.0000 25878.8764 0.3809
2022 10 19 0 4.8000 159.7000 0.8000 4.8000 0.0000 25223.7386 0.0000 161.3025 164.6433 157.9445 0.0000 25223.7386 0.3808
2022 10 20 0 4.8000 142.1100 0.8000 4.8000 0.0000 22440.9802 0.0000 161.2701 164.6109 157.9127 0.0000 22440.9802 0.3808
2022 10 21 0 4.8000 157.4800 0.8000 4.8000 0.0000 24862.4116 0.0000 161.2332 164.5740 157.8766 0.0000 24862.4116 0.3807
2022 10 22 0 4.8000 142.0700 0.8000 4.8000 0.0000 22424.0358 0.0000 161.1937 164.5345 157.8379 0.0000 22424.0358 0.3806
2022 10 23 0 4.8000 99.6700 0.8000 4.8000 0.0000 15728.4615 0.0000 161.1604 164.5012 157.8054 0.0000 15728.4615 0.3805
2022 10 24 0 4.8000 85.2000 0.8000 4.8000 0.0000 13443.2403 0.0000 161.1391 164.4799 157.7845 0.0000 13443.2403 0.3805
2022 10 25 0 4.8000 110.5100 0.8000 4.8000 0.0000 17434.5287 0.0000 161.1184 164.4592 157.7643 0.0000 17434.5287 0.3804
2022 10 26 0 4.8000 121.4900 0.8000 4.8000 0.0000 19166.1205 0.0000 161.1129 164.4537 157.7588 0.0000 19166.1205 0.3804
2022 10 27 0 4.8000 117.6600 0.8000 4.8000 0.0000 18561.8270 0.0000 161.1122 164.4530 157.7582 0.0000 18561.8270 0.3804
2022 10 28 0 4.8000 103.2200 0.8000 4.8000 0.0000 16281.7452 0.0000 161.0919 164.4327 157.7383 0.0000 16281.7452 0.3803
2022 10 29 0 4.8000 101.6200 0.8000 4.8000 0.0000 16027.1158 0.0000 161.0693 164.4101 157.7162 0.0000 16027.1158 0.3803
2022 10 30 0 4.8000 117.9300 0.8000 4.8000 0.0000 18596.9846 0.0000 161.0478 164.3886 157.6951 0.0000 18596.9846 0.3802
2022 10 31 0 4.8000 144.1300 0.8000 4.8000 0.0000 22724.4526 0.0000 161.0184 164.3592 157.6664 0.0000 22724.4526 0.3802
2022 11 1 0 4.8000 72.4900 0.8000 4.8000 0.0000 11426.7341 0.0000 160.9832 164.3240 157.6319 0.0000 11426.7341 0.3801
2022 11 2 0 4.8000 71.1700 0.8000 4.8000 0.0000 11216.7679 0.0000 160.9561 164.2969 157.6053 0.0000 11216.7679 0.3800
2022 11 3 0 4.8000 86.5000 0.8000 4.8000 0.0000 13632.8625 0.0000 160.9561 164.2969 157.6053 0.0000 13632.8625 0.3800
2022 11 4 0 4.8000 72.6700 0.8000 4.8000 0.0000 11454.5690 0.0000 160.9756 164.3164 157.6245 0.0000 11454.5690 0.3801
2022 11 5 0 4.8000 47.6500 0.8000 4.8000 0.0000 7511.4663 0.0000 160.9898 164.3306 157.6383 0.0000 7511.4663 0.3801
2022 11 6 0 4.8000 35.7500 0.8000 4.8000 0.0000 5635.5722 0.0000 160.9899 164.3307 157.6384 0.0000 5635.5722 0.3801
2022 11 7 0 4.8000 43.8300 0.8000 4.8000 0.0000 6909.2483 0.0000 160.9889 164.3297 157.6374 0.0000 6909.2483 0.3801
2022 11 8 0 4.8000 51.0900 0.8000 4.8000 0.0000 8053.7974 0.0000 160.9909 164.3317 157.6394 0.0000 8053.7974 0.3801
2022 11 9 0 4.8000 42.5700 0.8000 4.8000 0.0000 6710.8148 0.0000 160.9934 164.3342 157.6419 0.0000 6710.8148 0.3801
2022 11 10 0 4.8000 27.4000 0.8000 4.8000 0.0000 4319.3858 0.0000 160.9934 164.3342 157.6418 0.0000 4319.3858 0.3801
2022 11 11 0 4.8000 2.0000 0.8000 4.8000 0.0000 315.2587 0.0000 160.9806 164.3214 157.6293 0.0000 315.2587 0.3801
2022 11 12 0 4.8000 2.3700 0.8000 4.8000 0.0000 373.5314 0.0000 160.9590 164.2998 157.6082 0.0000 373.5314 0.3800
2022 11 13 0 4.8000 29.9300 0.8000 4.8000 0.0000 4716.3883 0.0000 160.9309 164.2717 157.5806 0.0000 4716.3883 0.3800
2022 11 14 0 4.8000 53.6800 0.8000 4.8000 0.0000 8457.2551 0.0000 160.8991 164.2399 157.5495 0.0000 8457.2551 0.3799
2022 11 15 0 4.8000 53.7500 0.8000 4.8000 0.0000 8466.7217 0.0000 160.8694 164.2102 157.5204 0.0000 8466.7217 0.3798
2022 11 16 0 4.8000 27.6900 0.8000 4.8000 0.0000 4361.2042 0.0000 160.8496 164.1904 157.5011 0.0000 4361.2042 0.3798
2022 11 17 0 4.8000 48.9100 0.8000 4.8000 0.0000 7703.5769 0.0000 160.8538 164.1946 157.5052 0.0000 7703.5769 0.3798
2022 11 18 0 4.8000 113.7000 0.8000 4.8000 0.0000 17908.5477 0.0000 160.8557 164.1965 157.5070 0.0000 17908.5477 0.3798
2022 11 19 0 4.8000 167.1000 0.8000 4.8000 0.0000 26315.2736 0.0000 160.8303 164.1711 157.4822 0.0000 26315.2736 0.3797
2022 11 20 0 4.8000 162.8400 0.8000 4.8000 0.0000 25639.1753 0.0000 160.7976 164.1384 157.4501 0.0000 25639.1753 0.3797
2022 11 21 0 4.8000 209.5500 0.8000 4.8000 0.0000 32986.2429 0.0000 160.7614 164.1022 157.4147 0.0000 32986.2429 0.3796
2022 11 22 0 4.8000 174.4300 0.8000 4.8000 0.0000 27450.7508 0.0000 160.7199 164.0607 157.3740 0.0000 27450.7508 0.3795
2022 11 23 0 4.8000 149.8400 0.8000 4.8000 0.0000 23574.8427 0.0000 160.6784 164.0192 157.3334 0.0000 23574.8427 0.3794
2022 11 24 0 4.8000 172.1800 0.8000 4.8000 0.0000 27082.9792 0.0000 160.6388 163.9796 157.2946 0.0000 27082.9792 0.3793
2022 11 25 0 4.8000 200.3300 0.8000 4.8000 0.0000 31504.2717 0.0000 160.6054 163.9462 157.2619 0.0000 31504.2717 0.3792
2022 11 26 0 4.8000 196.0200 0.8000 4.8000 0.0000 30822.5757 0.0000 160.5850 163.9258 157.2420 0.0000 30822.5757 0.3792
2022 11 27 0 4.8000 146.0400 0.8000 4.8000 0.0000 22962.0395 0.0000 160.5740 163.9148 157.2312 0.0000 22962.0395 0.3791
2022 11 28 0 4.8000 195.3000 0.8000 4.8000 0.0000 30707.1143 0.0000 160.5733 163.9141 157.2305 0.0000 30707.1143 0.3791
2022 11 29 0 4.8000 362.5600 0.8000 4.8000 0.0000 57004.1696 0.0000 160.5696 163.9104 157.2269 0.0000 57004.1696 0.3791
2022 11 30 0 4.8000 364.6000 0.8000 4.8000 0.0000 57316.9344 0.0000 160.5472 163.8880 157.2050 0.0000 57316.9344 0.3791
2022 12 1 0 4.8000 349.6500 0.8000 4.8000 0.0000 54955.1963 0.0000 160.5136 163.8544 157.1720 0.0000 54955.1963 0.3790
2022 12 2 0 4.8000 324.9900 0.8000 4.8000 0.0000 51066.7955 0.0000 160.4742 163.8150 157.1334 0.0000 51066.7955 0.3789
2022 12 3 0 4.8000 268.8200 0.8000 4.8000 0.0000 42229.3172 0.0000 160.4313 163.7721 157.0914 0.0000 42229.3172 0.3788
2022 12 4 0 4.8000 271.5000 0.8000 4.8000 0.0000 42638.3016 0.0000 160.3861 163.7269 157.0472 0.0000 42638.3016 0.3787
2022 12 5 0 4.8000 290.7800 0.8000 4.8000 0.0000 45652.9158 0.0000 160.3395 163.6803 157.0016 0.0000 45652.9158 0.3786
2022 12 6 0 4.8000 346.8000 0.8000 4.8000 0.0000 54432.1167 0.0000 160.2923 163.6331 156.9554 0.0000 54432.1167 0.3785
2022 12 7 0 4.8000 334.1100 0.8000 4.8000 0.0000 52424.8304 0.0000 160.2449 163.5857 156.9089 0.0000 52424.8304 0.3783
2022 12 8 0 4.8000 399.0300 0.8000 4.8000 0.0000 62592.8948 0.0000 160.1976 163.5384 156.8626 0.0000 62592.8948 0.3782
2022 12 9 0 4.8000 418.6900 0.8000 4.8000 0.0000 65657.8340 0.0000 160.1513 163.4921 156.8173 0.0000 65657.8340 0.3781
2022 12 10 0 4.8000 362.9800 0.8000 4.8000 0.0000 56905.2930 0.0000 160.1056 163.4464 156.7725 0.0000 56905.2930 0.3780
2022 12 11 0 4.8000 338.6100 0.8000 4.8000 0.0000 53069.7522 0.0000 160.0604 163.4012 156.7283 0.0000 53069.7522 0.3779
2022 12 12 0 4.8000 446.1100 0.8000 4.8000 0.0000 69898.5412 0.0000 160.0158 163.3566 156.6845 0.0000 69898.5412 0.3778
2022 12 13 0 4.8000 458.6300 0.8000 4.8000 0.0000 71840.0458 0.0000 159.9708 163.3116 156.6405 0.0000 71840.0458 0.3777
2022 12 14 0 4.8000 451.4100 0.8000 4.8000 0.0000 70688.8629 0.0000 159.9250 163.2658 156.5957 0.0000 70688.8629 0.3776
2022 12 15 0 4.8000 396.6100 0.8000 4.8000 0.0000 62089.2380 0.0000 159.8782 163.2190 156.5499 0.0000 62089.2380 0.3775
2022 12 16 0 4.8000 413.8400 0.8000 4.8000 0.0000 64767.1861 0.0000 159.8303 163.1711 156.5030 0.0000 64767.1861 0.3774
2022 12 17 0 4.8000 254.6500 0.8000 4.8000 0.0000 39841.3456 0.0000 159.7816 163.1224 156.4553 0.0000 39841.3456 0.3773
2022 12 18 0 4.8000 206.4000 0.8000 4.8000 0.0000 32282.5164 0.0000 159.7329 163.0737 156.4075 0.0000 32282.5164 0.3771
2022 12 19 0 4.8000 211.4800 0.8000 4.8000 0.0000 33067.0700 0.0000 159.6846 163.0254 156.3603 0.0000 33067.0700 0.3770
2022 12 20 0 4.8000 205.2500 0.8000 4.8000 0.0000 32083.5645 0.0000 159.6379 162.9787 156.3146 0.0000 32083.5645 0.3769
2022 12 21 0 4.8000 223.3000 0.8000 4.8000 0.0000 34896.0509 0.0000 159.5968 162.9376 156.2743 0.0000 34896.0509 0.3768
2022 12 22 0 4.8000 201.9700 0.8000 4.8000 0.0000 31555.4962 0.0000 159.5603 162.9011 156.2385 0.0000 31555.4962 0.3767
2022 12 23 0 4.8000 193.2900 0.8000 4.8000 0.0000 30191.9115 0.0000 159.5210 162.8618 156.2001 0.0000 30191.9115 0.3766
2022 12 24 0 4.8000 142.3700 0.8000 4.8000 0.0000 22231.9546 0.0000 159.4762 162.8170 156.1562 0.0000 22231.9546 0.3765
2022 12 25 0 4.8000 129.4400 0.8000 4.8000 0.0000 20206.7132 0.0000 159.4277 162.7685 156.1087 0.0000 20206.7132 0.3764
2022 12 26 0 4.8000 111.7200 0.8000 4.8000 0.0000 17435.6044 0.0000 159.3832 162.7240 156.0652 0.0000 17435.6044 0.3763
2022 12 27 0 4.8000 141.3500 0.8000 4.8000 0.0000 22054.1516 0.0000 159.3423 162.6831 156.0251 0.0000 22054.1516 0.3762
2022 12 28 0 4.8000 122.1300 0.8000 4.8000 0.0000 19049.9713 0.0000 159.2973 162.6381 155.9811 0.0000 19049.9713 0.3761
2022 12 29 0 4.8000 96.2800 0.8000 4.8000 0.0000 15013.3750 0.0000 159.2498 162.5906 155.9345 0.0000 15013.3750 0.3760
2022 12 30 0 4.8000 100.4100 0.8000 4.8000 0.0000 15652.6388 0.0000 159.2015 162.5423 155.8872 0.0000 15652.6388 0.3759
2022 12 31 0 4.8000 116.2200 0.8000 4.8000 0.0000 18111.9180 0.0000 159.1549 162.4957 155.8417 0.0000 18111.9180 0.3758
2023 1 1 0 4.8000 112.5700 0.8000 4.8000 0.0000 17538.0277 0.0000 159.1090 162.4498 155.7966 0.0000 17538.0277 0.3757
2023 1 2 0 4.8000 149.2600 0.8000 4.8000 0.0000 23247.1125 0.0000 159.0604 162.4012 155.7491 0.0000 23247.1125 0.3756
2023 1 3 0 4.8000 154.5400 0.8000 4.8000 0.0000 24061.8917 0.0000 159.0104 162.3512 155.7001 0.0000 24061.8917 0.3754
2023 1 4 0 4.8000 114.6400 0.8000 4.8000 0.0000 17843.7314 0.0000 158.9593 162.3001 155.6501 0.0000 17843.7314 0.3753
2023 1 5 0 4.8000 144.1600 0.8000 4.8000 0.0000 22431.4660 0.0000 158.9093 162.2501 155.6012 0.0000 22431.4660 0.3752
2023 1 6 0 4.8000 126.0400 0.8000 4.8000 0.0000 19605.8644 0.0000 158.8599 162.2007 155.5527 0.0000 19605.8644 0.3751
2023 1 7 0 4.8000 102.5400 0.8000 4.8000 0.0000 15945.3424 0.0000 158.8097 162.1505 155.5036 0.0000 15945.3424 0.3750
2023 1 8 0 4.8000 75.8000 0.8000 4.8000 0.0000 11784.0048 0.0000 158.7670 162.1078 155.4618 0.0000 11784.0048 0.3749
2023 1 9 0 4.8000 133.2800 0.8000 4.8000 0.0000 20716.1481 0.0000 158.7379 162.0787 155.4333 0.0000 20716.1481 0.3748
2023 1 10 0 4.8000 130.4400 0.8000 4.8000 0.0000 20271.1457 0.0000 158.7099 162.0507 155.4059 0.0000 20271.1457 0.3747
2023 1 11 0 4.8000 96.6800 0.8000 4.8000 0.0000 15021.2518 0.0000 158.6741 162.0149 155.3708 0.0000 15021.2518 0.3746
2023 1 12 0 4.8000 89.9500 0.8000 4.8000 0.0000 13972.0384 0.0000 158.6336 161.9744 155.3312 0.0000 13972.0384 0.3745
2023 1 13 0 4.8000 82.8000 0.8000 4.8000 0.0000 12857.8420 0.0000 158.5895 161.9303 155.2879 0.0000 12857.8420 0.3744
2023 1 14 0 4.8000 94.7100 0.8000 4.8000 0.0000 14702.9712 0.0000 158.5426 161.8834 155.2420 0.0000 14702.9712 0.3743
2023 1 15 0 4.8000 70.7800 0.8000 4.8000 0.0000 10984.6657 0.0000 158.4940 161.8348 155.1945 0.0000 10984.6657 0.3742
2023 1 16 0 4.8000 139.7600 0.8000 4.8000 0.0000 21683.2487 0.0000 158.4448 161.7856 155.1463 0.0000 21683.2487 0.3741
2023 1 17 0 4.8000 134.1900 0.8000 4.8000 0.0000 20812.5436 0.0000 158.3950 161.7358 155.0976 0.0000 20812.5436 0.3740
2023 1 18 0 4.8000 138.3800 0.8000 4.8000 0.0000 21455.6128 0.0000 158.3449 161.6857 155.0485 0.0000 21455.6128 0.3739
2023 1 19 0 4.8000 148.5600 0.8000 4.8000 0.0000 23026.6017 0.0000 158.2940 161.6348 154.9987 0.0000 23026.6017 0.3737
2023 1 20 0 4.8000 162.5000 0.8000 4.8000 0.0000 25179.0182 0.0000 158.2421 161.5829 154.9478 0.0000 25179.0182 0.3736
2023 1 21 0 4.8000 150.1900 0.8000 4.8000 0.0000 23263.8948 0.0000 158.1896 161.5304 154.8964 0.0000 23263.8948 0.3735
2023 1 22 0 4.8000 151.8000 0.8000 4.8000 0.0000 23505.4208 0.0000 158.1368 161.4776 154.8447 0.0000 23505.4208 0.3734
2023 1 23 0 4.8000 197.7300 0.8000 4.8000 0.0000 30607.3018 0.0000 158.0844 161.4252 154.7934 0.0000 30607.3018 0.3732
2023 1 24 0 4.8000 184.5400 0.8000 4.8000 0.0000 28556.1308 0.0000 158.0321 161.3729 154.7422 0.0000 28556.1308 0.3731
2023 1 25 0 4.8000 137.5700 0.8000 4.8000 0.0000 21280.7959 0.0000 157.9795 161.3203 154.6907 0.0000 21280.7959 0.3730
2023 1 26 0 4.8000 132.3800 0.8000 4.8000 0.0000 20471.2346 0.0000 157.9277 161.2685 154.6399 0.0000 20471.2346 0.3729
2023 1 27 0 2.5800 154.0500 0.4300 2.5800 0.0000 13089.1939 0.0000 160.2665 161.2317 84.9672 0.0000 13089.1939 0.3812
2023 1 28 0 0.0000 116.8100 0.0000 0.0000 0.0000 0.0000 1.0000 161.2256 161.2256 0.0000 0.0000 -1.0000 0.0000
2023 1 29 0 0.0000 102.3700 0.0000 0.0000 0.0000 0.0000 0.0000 161.2356 161.2356 0.0000 0.0000 0.0000 0.0000
2023 1 30 0 0.0000 90.0000 0.0000 0.0000 0.0000 0.0000 0.0000 161.2459 161.2459 0.0000 0.0000 0.0000 0.0000
2023 1 31 0 0.0000 105.1200 0.0000 0.0000 0.0000 0.0000 0.0000 161.2565 161.2565 0.0000 0.0000 0.0000 0.0000
2023 2 1 0 0.0000 103.8300 0.0000 0.0000 0.0000 0.0000 0.0000 161.2664 161.2664 0.0000 0.0000 0.0000 0.0000
2023 2 2 0 0.0000 145.2800 0.0000 0.0000 0.0000 0.0000 0.0000 161.2768 161.2768 0.0000 0.0000 0.0000 0.0000
2023 2 3 0 0.0000 113.1000 0.0000 0.0000 0.0000 0.0000 0.0000 161.2873 161.2873 0.0000 0.0000 0.0000 0.0000
2023 2 4 0 0.0000 138.8200 0.0000 0.0000 0.0000 0.0000 0.0000 161.2962 161.2962 0.0000 0.0000 0.0000 0.0000
2023 2 5 0 0.0000 122.8300 0.0000 0.0000 0.0000 0.0000 0.0000 161.3041 161.3041 0.0000 0.0000 0.0000 0.0000
2023 2 6 0 0.0000 161.3800 0.0000 0.0000 0.0000 0.0000 0.0000 161.3114 161.3114 0.0000 0.0000 0.0000 0.0000
2023 2 7 0 0.0000 132.4500 0.0000 0.0000 0.0000 0.0000 0.0000 161.3183 161.3183 0.0000 0.0000 0.0000 0.0000
2023 2 8 0 0.0000 120.3300 0.0000 0.0000 0.0000 0.0000 0.0000 161.3249 161.3249 0.0000 0.0000 0.0000 0.0000
2023 2 9 0 0.0000 98.3400 0.0000 0.0000 0.0000 0.0000 0.0000 161.3317 161.3317 0.0000 0.0000 0.0000 0.0000
2023 2 10 0 0.0000 97.5400 0.0000 0.0000 0.0000 0.0000 0.0000 161.3393 161.3393 0.0000 0.0000 0.0000 0.0000
2023 2 11 0 0.0000 94.6300 0.0000 0.0000 0.0000 0.0000 0.0000 161.3475 161.3475 0.0000 0.0000 0.0000 0.0000
2023 2 12 0 0.0000 111.6200 0.0000 0.0000 0.0000 0.0000 0.0000 161.3561 161.3561 0.0000 0.0000 0.0000 0.0000
2023 2 13 0 0.0000 115.7800 0.0000 0.0000 0.0000 0.0000 0.0000 161.3650 161.3650 0.0000 0.0000 0.0000 0.0000
2023 2 14 0 0.0000 140.8300 0.0000 0.0000 0.0000 0.0000 0.0000 161.3739 161.3739 0.0000 0.0000 0.0000 0.0000
2023 2 15 0 0.0000 122.5300 0.0000 0.0000 0.0000 0.0000 0.0000 161.3820 161.3820 0.0000 0.0000 0.0000 0.0000
2023 2 16 0 0.0000 120.9800 0.0000 0.0000 0.0000 0.0000 0.0000 161.3891 161.3891 0.0000 0.0000 0.0000 0.0000
2023 2 17 0 0.0000 92.1200 0.0000 0.0000 0.0000 0.0000 0.0000 161.3966 161.3966 0.0000 0.0000 0.0000 0.0000
2023 2 18 0 0.0000 97.8800 0.0000 0.0000 0.0000 0.0000 0.0000 161.4050 161.4050 0.0000 0.0000 0.0000 0.0000
2023 2 19 0 0.0000 107.6300 0.0000 0.0000 0.0000 0.0000 0.0000 161.4141 161.4141 0.0000 0.0000 0.0000 0.0000
2023 2 20 0 0.0000 77.5600 0.0000 0.0000 0.0000 0.0000 0.0000 161.4237 161.4237 0.0000 0.0000 0.0000 0.0000
2023 2 21 0 0.0000 106.7100 0.0000 0.0000 0.0000 0.0000 0.0000 161.4340 161.4340 0.0000 0.0000 0.0000 0.0000
2023 2 22 0 0.0000 118.3800 0.0000 0.0000 0.0000 0.0000 0.0000 161.4439 161.4439 0.0000 0.0000 0.0000 0.0000
2023 2 23 0 0.0000 116.1600 0.0000 0.0000 0.0000 0.0000 0.0000 161.4534 161.4534 0.0000 0.0000 0.0000 0.0000
2023 2 24 0 0.0000 103.8000 0.0000 0.0000 0.0000 0.0000 0.0000 161.4631 161.4631 0.0000 0.0000 0.0000 0.0000
2023 2 25 0 0.0000 97.6000 0.0000 0.0000 0.0000 0.0000 0.0000 161.4738 161.4738 0.0000 0.0000 0.0000 0.0000
2023 2 26 0 0.0000 111.9200 0.0000 0.0000 0.0000 0.0000 0.0000 161.4871 161.4871 0.0000 0.0000 0.0000 0.0000
2023 2 27 0 0.0000 124.5700 0.0000 0.0000 0.0000 0.0000 0.0000 161.5032 161.5032 0.0000 0.0000 0.0000 0.0000
2023 2 28 0 0.0000 124.0900 0.0000 0.0000 0.0000 0.0000 0.0000 161.5190 161.5190 0.0000 0.0000 0.0000 0.0000
2023 3 1 0 0.0000 130.8400 0.0000 0.0000 0.0000 0.0000 0.0000 161.5328 161.5328 0.0000 0.0000 0.0000 0.0000
2023 3 2 0 0.0000 120.4000 0.0000 0.0000 0.0000 0.0000 0.0000 161.5452 161.5452 0.0000 0.0000 0.0000 0.0000
2023 3 3 0 0.0000 115.5800 0.0000 0.0000 0.0000 0.0000 0.0000 161.5564 161.5564 0.0000 0.0000 0.0000 0.0000
2023 3 4 0 0.0000 112.2200 0.0000 0.0000 0.0000 0.0000 0.0000 161.5668 161.5668 0.0000 0.0000 0.0000 0.0000
2023 3 5 0 0.0000 129.9600 0.0000 0.0000 0.0000 0.0000 0.0000 161.5771 161.5771 0.0000 0.0000 0.0000 0.0000
2023 3 6 0 0.0000 153.1300 0.0000 0.0000 0.0000 0.0000 0.0000 161.5865 161.5865 0.0000 0.0000 0.0000 0.0000
2023 3 7 0 0.0000 116.0800 0.0000 0.0000 0.0000 0.0000 0.0000 161.5938 161.5938 0.0000 0.0000 0.0000 0.0000
2023 3 8 0 0.0000 150.8300 0.0000 0.0000 0.0000 0.0000 0.0000 161.6001 161.6001 0.0000 0.0000 0.0000 0.0000
2023 3 9 0 0.0000 138.5100 0.0000 0.0000 0.0000 0.0000 0.0000 161.6061 161.6061 0.0000 0.0000 0.0000 0.0000
2023 3 10 0 0.0000 127.3700 0.0000 0.0000 0.0000 0.0000 0.0000 161.6115 161.6115 0.0000 0.0000 0.0000 0.0000
2023 3 11 0 0.0000 110.5300 0.0000 0.0000 0.0000 0.0000 0.0000 161.6164 161.6164 0.0000 0.0000 0.0000 0.0000
2023 3 12 0 0.0000 106.8200 0.0000 0.0000 0.0000 0.0000 0.0000 161.6213 161.6213 0.0000 0.0000 0.0000 0.0000
2023 3 13 0 0.0000 94.6800 0.0000 0.0000 0.0000 0.0000 0.0000 161.6264 161.6264 0.0000 0.0000 0.0000 0.0000
2023 3 14 0 0.0000 102.8300 0.0000 0.0000 0.0000 0.0000 0.0000 161.6316 161.6316 0.0000 0.0000 0.0000 0.0000
2023 3 15 0 0.0000 121.6400 0.0000 0.0000 0.0000 0.0000 0.0000 161.6365 161.6365 0.0000 0.0000 0.0000 0.0000
2023 3 16 0 0.0000 112.8100 0.0000 0.0000 0.0000 0.0000 0.0000 161.6411 161.6411 0.0000 0.0000 0.0000 0.0000
2023 3 17 0 0.0000 104.1500 0.0000 0.0000 0.0000 0.0000 0.0000 161.6457 161.6457 0.0000 0.0000 0.0000 0.0000
2023 3 18 0 0.0000 109.0000 0.0000 0.0000 0.0000 0.0000 0.0000 161.6511 161.6511 0.0000 0.0000 0.0000 0.0000
2023 3 19 0 0.0000 110.0900 0.0000 0.0000 0.0000 0.0000 0.0000 161.6569 161.6569 0.0000 0.0000 0.0000 0.0000
2023 3 20 0 0.0000 116.7600 0.0000 0.0000 0.0000 0.0000 0.0000 161.6630 161.6630 0.0000 0.0000 0.0000 0.0000
2023 3 21 0 0.0000 111.3100 0.0000 0.0000 0.0000 0.0000 0.0000 161.6695 161.6695 0.0000 0.0000 0.0000 0.0000
2023 3 22 0 0.0000 92.3600 0.0000 0.0000 0.0000 0.0000 0.0000 161.6760 161.6760 0.0000 0.0000 0.0000 0.0000
2023 3 23 0 0.0000 86.1100 0.0000 0.0000 0.0000 0.0000 0.0000 161.6830 161.6830 0.0000 0.0000 0.0000 0.0000
2023 3 24 0 0.0000 83.8300 0.0000 0.0000 0.0000 0.0000 0.0000 161.6916 161.6916 0.0000 0.0000 0.0000 0.0000
2023 3 25 0 0.0000 73.3600 0.0000 0.0000 0.0000 0.0000 0.0000 161.7022 161.7022 0.0000 0.0000 0.0000 0.0000
2023 3 26 0 0.0000 92.4600 0.0000 0.0000 0.0000 0.0000 0.0000 161.7142 161.7142 0.0000 0.0000 0.0000 0.0000
2023 3 27 0 0.0000 100.9400 0.0000 0.0000 0.0000 0.0000 0.0000 161.7267 161.7267 0.0000 0.0000 0.0000 0.0000
2023 3 28 0 0.0000 123.8500 0.0000 0.0000 0.0000 0.0000 0.0000 161.7396 161.7396 0.0000 0.0000 0.0000 0.0000
2023 3 29 0 0.0000 127.0200 0.0000 0.0000 0.0000 0.0000 0.0000 161.7515 161.7515 0.0000 0.0000 0.0000 0.0000
2023 3 30 0 0.0000 103.7800 0.0000 0.0000 0.0000 0.0000 0.0000 161.7619 161.7619 0.0000 0.0000 0.0000 0.0000
2023 3 31 0 0.0000 111.8200 0.0000 0.0000 0.0000 0.0000 0.0000 161.7763 161.7763 0.0000 0.0000 0.0000 0.0000
2023 4 1 0 0.0000 97.9300 0.0000 0.0000 0.0000 0.0000 0.0000 161.8092 161.8092 0.0000 0.0000 0.0000 0.0000
2023 4 2 0 0.0000 105.1000 0.0000 0.0000 0.0000 0.0000 0.0000 161.8546 161.8546 0.0000 0.0000 0.0000 0.0000
2023 4 3 0 0.0000 126.4800 0.0000 0.0000 0.0000 0.0000 0.0000 161.8911 161.8911 0.0000 0.0000 0.0000 0.0000
2023 4 4 0 0.0000 133.1300 0.0000 0.0000 0.0000 0.0000 0.0000 161.9153 161.9153 0.0000 0.0000 0.0000 0.0000
2023 4 5 0 0.0000 130.9100 0.0000 0.0000 0.0000 0.0000 0.0000 161.9325 161.9325 0.0000 0.0000 0.0000 0.0000
2023 4 6 0 0.0000 125.8900 0.0000 0.0000 0.0000 0.0000 0.0000 161.9473 161.9473 0.0000 0.0000 0.0000 0.0000
2023 4 7 0 0.0000 117.9200 0.0000 0.0000 0.0000 0.0000 0.0000 161.9602 161.9602 0.0000 0.0000 0.0000 0.0000
2023 4 8 0 0.0000 120.6500 0.0000 0.0000 0.0000 0.0000 0.0000 161.9713 161.9713 0.0000 0.0000 0.0000 0.0000
2023 4 9 0 0.0000 110.2100 0.0000 0.0000 0.0000 0.0000 0.0000 161.9815 161.9815 0.0000 0.0000 0.0000 0.0000
2023 4 10 0 0.0000 54.3700 0.0000 0.0000 0.0000 0.0000 0.0000 161.9915 161.9915 0.0000 0.0000 0.0000 0.0000
2023 4 11 0 0.4200 84.4600 0.0700 0.4200 0.0000 454.4043 1.0000 161.9835 162.0091 5.3801 0.0000 453.4043 0.1483
2023 4 12 0 4.8000 111.9800 0.8000 4.8000 0.0000 17397.2657 0.0000 158.6635 162.0043 155.3605 0.0000 17397.2657 0.3746
2023 4 13 0 4.8000 107.2100 0.8000 4.8000 0.0000 16652.5322 0.0000 158.6286 161.9694 155.3263 0.0000 16652.5322 0.3745
2023 4 14 0 4.8000 118.9300 0.8000 4.8000 0.0000 18469.1043 0.0000 158.5955 161.9363 155.2939 0.0000 18469.1043 0.3745
2023 4 15 0 4.8000 111.6600 0.8000 4.8000 0.0000 17336.6732 0.0000 158.5640 161.9048 155.2631 0.0000 17336.6732 0.3744
2023 4 16 0 4.8000 115.1500 0.8000 4.8000 0.0000 17874.9219 0.0000 158.5319 161.8727 155.2316 0.0000 17874.9219 0.3743
2023 4 17 0 4.8000 125.4800 0.8000 4.8000 0.0000 19474.6339 0.0000 158.5008 161.8416 155.2011 0.0000 19474.6339 0.3742
2023 4 18 0 4.8000 114.7600 0.8000 4.8000 0.0000 17807.6024 0.0000 158.4716 161.8124 155.1726 0.0000 17807.6024 0.3742
2023 4 19 0 4.8000 108.7500 0.8000 4.8000 0.0000 16872.1482 0.0000 158.4447 161.7855 155.1462 0.0000 16872.1482 0.3741
2023 4 20 0 4.8000 111.1600 0.8000 4.8000 0.0000 17243.4915 0.0000 158.4212 161.7620 155.1232 0.0000 17243.4915 0.3740
2023 4 21 0 4.8000 107.9900 0.8000 4.8000 0.0000 16749.8523 0.0000 158.4032 161.7440 155.1056 0.0000 16749.8523 0.3740
2023 4 22 0 4.8000 98.4000 0.8000 4.8000 0.0000 15261.3047 0.0000 158.3920 161.7328 155.0946 0.0000 15261.3047 0.3740
2023 4 23 0 4.8000 97.8600 0.8000 4.8000 0.0000 15177.4342 0.0000 158.3907 161.7315 155.0933 0.0000 15177.4342 0.3740
2023 4 24 0 4.8000 116.5300 0.8000 4.8000 0.0000 18073.6469 0.0000 158.3961 161.7369 155.0987 0.0000 18073.6469 0.3740
2023 4 25 0 4.8000 104.4700 0.8000 4.8000 0.0000 16203.3853 0.0000 158.3984 161.7392 155.1008 0.0000 16203.3853 0.3740
2023 4 26 0 4.8000 114.3700 0.8000 4.8000 0.0000 17738.2750 0.0000 158.3929 161.7337 155.0955 0.0000 17738.2750 0.3740
2023 4 27 0 4.8000 123.3800 0.8000 4.8000 0.0000 19133.9438 0.0000 158.3785 161.7193 155.0814 0.0000 19133.9438 0.3739
2023 4 28 0 4.8000 121.7100 0.8000 4.8000 0.0000 18872.3585 0.0000 158.3567 161.6975 155.0600 0.0000 18872.3585 0.3739
2023 4 29 0 4.8000 112.7000 0.8000 4.8000 0.0000 17472.3757 0.0000 158.3305 161.6713 155.0344 0.0000 17472.3757 0.3738
2023 4 30 0 4.8000 99.7900 0.8000 4.8000 0.0000 15468.0660 0.0000 158.3017 161.6425 155.0062 0.0000 15468.0660 0.3738
2023 5 1 0 4.8000 106.3400 0.8000 4.8000 0.0000 16480.1909 0.0000 158.2713 161.6121 154.9764 0.0000 16480.1909 0.3737
2023 5 2 0 4.8000 121.7900 0.8000 4.8000 0.0000 18870.9526 0.0000 158.2409 161.5817 154.9466 0.0000 18870.9526 0.3736
2023 5 3 0 4.8000 118.1800 0.8000 4.8000 0.0000 18308.2371 0.0000 158.2119 161.5527 154.9182 0.0000 18308.2371 0.3735
2023 5 4 0 4.8000 112.1600 0.8000 4.8000 0.0000 17372.5796 0.0000 158.1841 161.5249 154.8910 0.0000 17372.5796 0.3735
2023 5 5 0 4.8000 97.5700 0.8000 4.8000 0.0000 15110.0152 0.0000 158.1558 161.4966 154.8633 0.0000 15110.0152 0.3734
2023 5 6 0 4.8000 94.9300 0.8000 4.8000 0.0000 14698.3386 0.0000 158.1253 161.4661 154.8334 0.0000 14698.3386 0.3733
2023 5 7 0 4.8000 88.0500 0.8000 4.8000 0.0000 13630.2951 0.0000 158.0929 161.4337 154.8018 0.0000 13630.2951 0.3733
2023 5 8 0 4.8000 102.0400 0.8000 4.8000 0.0000 15792.8167 0.0000 158.0614 161.4022 154.7708 0.0000 15792.8167 0.3732
2023 5 9 0 4.8000 96.1600 0.8000 4.8000 0.0000 14880.4640 0.0000 158.0369 161.3777 154.7469 0.0000 14880.4640 0.3731
2023 5 10 0 4.8000 94.0200 0.8000 4.8000 0.0000 14549.0150 0.0000 158.0338 161.3746 154.7438 0.0000 14549.0150 0.3731
2023 5 11 0 1.3800 101.3600 0.2300 1.3800 0.0000 4180.2781 0.0000 161.1393 161.4154 41.2419 0.0000 4180.2781 0.3459
2023 5 12 0 0.0000 91.5000 0.0000 0.0000 0.0000 0.0000 1.0000 161.5019 161.5019 0.0000 0.0000 -1.0000 0.0000
2023 5 13 0 0.0000 74.6100 0.0000 0.0000 0.0000 0.0000 0.0000 161.6095 161.6095 0.0000 0.0000 0.0000 0.0000
2023 5 14 0 0.0000 72.7500 0.0000 0.0000 0.0000 0.0000 0.0000 161.7202 161.7202 0.0000 0.0000 0.0000 0.0000
2023 5 15 0 0.0000 94.8900 0.0000 0.0000 0.0000 0.0000 0.0000 161.8381 161.8381 0.0000 0.0000 0.0000 0.0000
2023 5 16 0 0.0000 63.0700 0.0000 0.0000 0.0000 0.0000 0.0000 161.9744 161.9744 0.0000 0.0000 0.0000 0.0000
2023 5 17 0 0.0000 54.3000 0.0000 0.0000 0.0000 0.0000 0.0000 162.1069 162.1069 0.0000 0.0000 0.0000 0.0000
2023 5 18 0 0.0000 88.1100 0.0000 0.0000 0.0000 0.0000 0.0000 162.2118 162.2118 0.0000 0.0000 0.0000 0.0000
2023 5 19 0 0.0000 92.9400 0.0000 0.0000 0.0000 0.0000 0.0000 162.2975 162.2975 0.0000 0.0000 0.0000 0.0000
2023 5 20 0 0.0000 52.6300 0.0000 0.0000 0.0000 0.0000 0.0000 162.3768 162.3768 0.0000 0.0000 0.0000 0.0000
2023 5 21 0 0.0000 37.1300 0.0000 0.0000 0.0000 0.0000 0.0000 162.4537 162.4537 0.0000 0.0000 0.0000 0.0000
2023 5 22 0 0.0000 84.4700 0.0000 0.0000 0.0000 0.0000 0.0000 162.5278 162.5278 0.0000 0.0000 0.0000 0.0000
2023 5 23 0 0.0000 63.0000 0.0000 0.0000 0.0000 0.0000 0.0000 162.6105 162.6105 0.0000 0.0000 0.0000 0.0000
2023 5 24 0 0.0000 82.4800 0.0000 0.0000 0.0000 0.0000 0.0000 162.7033 162.7033 0.0000 0.0000 0.0000 0.0000
2023 5 25 0 0.0000 57.6600 0.0000 0.0000 0.0000 0.0000 0.0000 162.7930 162.7930 0.0000 0.0000 0.0000 0.0000
2023 5 26 0 0.0000 61.9200 0.0000 0.0000 0.0000 0.0000 0.0000 162.8786 162.8786 0.0000 0.0000 0.0000 0.0000
2023 5 27 0 0.0000 61.7400 0.0000 0.0000 0.0000 0.0000 0.0000 162.9595 162.9595 0.0000 0.0000 0.0000 0.0000
2023 5 28 0 0.0000 48.1500 0.0000 0.0000 0.0000 0.0000 0.0000 163.0286 163.0286 0.0000 0.0000 0.0000 0.0000
2023 5 29 0 0.0000 41.9900 0.0000 0.0000 0.0000 0.0000 0.0000 163.0830 163.0830 0.0000 0.0000 0.0000 0.0000
2023 5 30 0 0.0000 85.7800 0.0000 0.0000 0.0000 0.0000 0.0000 163.1260 163.1260 0.0000 0.0000 0.0000 0.0000
2023 5 31 0 0.0000 60.1500 0.0000 0.0000 0.0000 0.0000 0.0000 163.1624 163.1624 0.0000 0.0000 0.0000 0.0000
2023 6 1 0 0.0000 67.1300 0.0000 0.0000 0.0000 0.0000 0.0000 163.1942 163.1942 0.0000 0.0000 0.0000 0.0000
2023 6 2 0 0.0000 80.9600 0.0000 0.0000 0.0000 0.0000 0.0000 163.2216 163.2216 0.0000 0.0000 0.0000 0.0000
2023 6 3 0 0.0000 62.3200 0.0000 0.0000 0.0000 0.0000 0.0000 163.2447 163.2447 0.0000 0.0000 0.0000 0.0000
2023 6 4 0 0.0000 61.2100 0.0000 0.0000 0.0000 0.0000 0.0000 163.2647 163.2647 0.0000 0.0000 0.0000 0.0000
2023 6 5 0 0.0000 87.8500 0.0000 0.0000 0.0000 0.0000 0.0000 163.2825 163.2825 0.0000 0.0000 0.0000 0.0000
2023 6 6 0 0.0000 90.1800 0.0000 0.0000 0.0000 0.0000 0.0000 163.2981 163.2981 0.0000 0.0000 0.0000 0.0000
2023 6 7 0 0.0000 96.7800 0.0000 0.0000 0.0000 0.0000 0.0000 163.3115 163.3115 0.0000 0.0000 0.0000 0.0000
2023 6 8 0 0.0000 89.0900 0.0000 0.0000 0.0000 0.0000 0.0000 163.3232 163.3232 0.0000 0.0000 0.0000 0.0000
2023 6 9 0 0.0000 88.9200 0.0000 0.0000 0.0000 0.0000 0.0000 163.3331 163.3331 0.0000 0.0000 0.0000 0.0000
2023 6 10 0 0.0000 61.8300 0.0000 0.0000 0.0000 0.0000 0.0000 163.3416 163.3416 0.0000 0.0000 0.0000 0.0000
2023 6 11 0 0.0000 47.6500 0.0000 0.0000 0.0000 0.0000 0.0000 163.3488 163.3488 0.0000 0.0000 0.0000 0.0000
2023 6 12 0 0.0000 88.7900 0.0000 0.0000 0.0000 0.0000 0.0000 163.3550 163.3550 0.0000 0.0000 0.0000 0.0000
2023 6 13 0 0.0000 99.0700 0.0000 0.0000 0.0000 0.0000 0.0000 163.3604 163.3604 0.0000 0.0000 0.0000 0.0000
2023 6 14 0 0.0000 105.6600 0.0000 0.0000 0.0000 0.0000 0.0000 163.3652 163.3652 0.0000 0.0000 0.0000 0.0000
2023 6 15 0 0.0000 116.5000 0.0000 0.0000 0.0000 0.0000 0.0000 163.3693 163.3693 0.0000 0.0000 0.0000 0.0000
2023 6 16 0 0.0000 123.1200 0.0000 0.0000 0.0000 0.0000 0.0000 163.3732 163.3732 0.0000 0.0000 0.0000 0.0000
2023 6 17 0 0.0000 107.5100 0.0000 0.0000 0.0000 0.0000 0.0000 163.3767 163.3767 0.0000 0.0000 0.0000 0.0000
2023 6 18 0 0.0000 102.7200 0.0000 0.0000 0.0000 0.0000 0.0000 163.3799 163.3799 0.0000 0.0000 0.0000 0.0000
2023 6 19 0 0.0000 116.7200 0.0000 0.0000 0.0000 0.0000 0.0000 163.3831 163.3831 0.0000 0.0000 0.0000 0.0000
2023 6 20 0 0.0000 131.3100 0.0000 0.0000 0.0000 0.0000 0.0000 163.3862 163.3862 0.0000 0.0000 0.0000 0.0000
2023 6 21 0 0.0000 131.9100 0.0000 0.0000 0.0000 0.0000 0.0000 163.3901 163.3901 0.0000 0.0000 0.0000 0.0000
2023 6 22 0 0.0000 129.3300 0.0000 0.0000 0.0000 0.0000 0.0000 163.3985 163.3985 0.0000 0.0000 0.0000 0.0000
2023 6 23 0 0.0000 112.7300 0.0000 0.0000 0.0000 0.0000 0.0000 163.4092 163.4092 0.0000 0.0000 0.0000 0.0000
2023 6 24 0 0.0000 91.6000 0.0000 0.0000 0.0000 0.0000 0.0000 163.4170 163.4170 0.0000 0.0000 0.0000 0.0000
2023 6 25 0 0.0000 78.9200 0.0000 0.0000 0.0000 0.0000 0.0000 163.4226 163.4226 0.0000 0.0000 0.0000 0.0000
2023 6 26 0 0.0000 97.3600 0.0000 0.0000 0.0000 0.0000 0.0000 163.4272 163.4272 0.0000 0.0000 0.0000 0.0000
2023 6 27 0 0.0000 97.1000 0.0000 0.0000 0.0000 0.0000 0.0000 163.4313 163.4313 0.0000 0.0000 0.0000 0.0000
2023 6 28 0 0.0000 110.3800 0.0000 0.0000 0.0000 0.0000 0.0000 163.4352 163.4352 0.0000 0.0000 0.0000 0.0000
2023 6 29 0 0.0000 115.5800 0.0000 0.0000 0.0000 0.0000 0.0000 163.4391 163.4391 0.0000 0.0000 0.0000 0.0000
2023 6 30 0 0.0000 106.1600 0.0000 0.0000 0.0000 0.0000 0.0000 163.4431 163.4431 0.0000 0.0000 0.0000 0.0000
2023 7 1 0 0.0000 61.0800 0.0000 0.0000 0.0000 0.0000 0.0000 163.4470 163.4470 0.0000 0.0000 0.0000 0.0000
2023 7 2 0 0.0000 15.9100 0.0000 0.0000 0.0000 0.0000 0.0000 163.4507 163.4507 0.0000 0.0000 0.0000 0.0000
2023 7 3 0 0.0000 50.3200 0.0000 0.0000 0.0000 0.0000 0.0000 163.4546 163.4546 0.0000 0.0000 0.0000 0.0000
2023 7 4 0 0.0000 83.2500 0.0000 0.0000 0.0000 0.0000 0.0000 163.4589 163.4589 0.0000 0.0000 0.0000 0.0000
2023 7 5 0 0.0000 80.5300 0.0000 0.0000 0.0000 0.0000 0.0000 163.4636 163.4636 0.0000 0.0000 0.0000 0.0000
2023 7 6 0 0.0000 96.7500 0.0000 0.0000 0.0000 0.0000 0.0000 163.4687 163.4687 0.0000 0.0000 0.0000 0.0000
2023 7 7 0 0.0000 101.0400 0.0000 0.0000 0.0000 0.0000 0.0000 163.4748 163.4748 0.0000 0.0000 0.0000 0.0000
2023 7 8 0 0.0000 87.4600 0.0000 0.0000 0.0000 0.0000 0.0000 163.4834 163.4834 0.0000 0.0000 0.0000 0.0000
2023 7 9 0 0.0000 94.0500 0.0000 0.0000 0.0000 0.0000 0.0000 163.4940 163.4940 0.0000 0.0000 0.0000 0.0000
2023 7 10 0 0.0000 98.2100 0.0000 0.0000 0.0000 0.0000 0.0000 163.5043 163.5043 0.0000 0.0000 0.0000 0.0000
2023 7 11 0 0.0000 89.8900 0.0000 0.0000 0.0000 0.0000 0.0000 163.5139 163.5139 0.0000 0.0000 0.0000 0.0000
2023 7 12 0 0.0000 76.6900 0.0000 0.0000 0.0000 0.0000 0.0000 163.5248 163.5248 0.0000 0.0000 0.0000 0.0000
2023 7 13 0 0.0000 83.4900 0.0000 0.0000 0.0000 0.0000 0.0000 163.5360 163.5360 0.0000 0.0000 0.0000 0.0000
2023 7 14 0 0.0000 85.4800 0.0000 0.0000 0.0000 0.0000 0.0000 163.5455 163.5455 0.0000 0.0000 0.0000 0.0000
2023 7 15 0 0.0000 33.3300 0.0000 0.0000 0.0000 0.0000 0.0000 163.5551 163.5551 0.0000 0.0000 0.0000 0.0000
2023 7 16 0 0.0000 17.8600 0.0000 0.0000 0.0000 0.0000 0.0000 163.5709 163.5709 0.0000 0.0000 0.0000 0.0000
2023 7 17 0 0.0000 30.5600 0.0000 0.0000 0.0000 0.0000 0.0000 163.5967 163.5967 0.0000 0.0000 0.0000 0.0000
2023 7 18 0 0.0000 64.7000 0.0000 0.0000 0.0000 0.0000 0.0000 163.6249 163.6249 0.0000 0.0000 0.0000 0.0000
2023 7 19 0 4.8000 77.7600 0.8000 4.8000 0.0000 12203.6530 1.0000 160.2766 163.6174 156.9400 0.0000 12202.6530 0.3784
2023 7 20 0 4.8000 64.6700 0.8000 4.8000 0.0000 10146.5906 0.0000 160.2337 163.5745 156.8980 0.0000 10146.5906 0.3783
2023 7 21 0 4.8000 83.1300 0.8000 4.8000 0.0000 13039.1842 0.0000 160.1877 163.5285 156.8529 0.0000 13039.1842 0.3782
2023 7 22 0 4.8000 75.6300 0.8000 4.8000 0.0000 11859.2215 0.0000 160.1396 163.4804 156.8058 0.0000 11859.2215 0.3781
2023 7 23 0 4.8000 33.2000 0.8000 4.8000 0.0000 5204.3539 0.0000 160.0904 163.4312 156.7576 0.0000 5204.3539 0.3780
2023 7 24 0 4.8000 69.9000 0.8000 4.8000 0.0000 10953.9372 0.0000 160.0404 163.3812 156.7087 0.0000 10953.9372 0.3779
2023 7 25 0 4.8000 60.2500 0.8000 4.8000 0.0000 9438.6617 0.0000 159.9889 163.3297 156.6583 0.0000 9438.6617 0.3777
2023 7 26 0 4.8000 69.5200 0.8000 4.8000 0.0000 10887.2972 0.0000 159.9362 163.2770 156.6067 0.0000 10887.2972 0.3776
2023 7 27 0 4.8000 87.3400 0.8000 4.8000 0.0000 13673.4465 0.0000 159.8827 163.2235 156.5542 0.0000 13673.4465 0.3775
2023 7 28 0 4.8000 86.7600 0.8000 4.8000 0.0000 13578.0239 0.0000 159.8283 163.1691 156.5010 0.0000 13578.0239 0.3774
2023 7 29 0 4.8000 74.6100 0.8000 4.8000 0.0000 11672.5155 0.0000 159.7732 163.1140 156.4471 0.0000 11672.5155 0.3772
2023 7 30 0 4.8000 39.5200 0.8000 4.8000 0.0000 6180.6604 0.0000 159.7182 163.0590 156.3932 0.0000 6180.6604 0.3771
2023 7 31 0 4.8000 69.3300 0.8000 4.8000 0.0000 10839.2356 0.0000 159.6666 163.0074 156.3426 0.0000 10839.2356 0.3770
2023 8 1 0 4.8000 73.8700 0.8000 4.8000 0.0000 11545.4054 0.0000 159.6164 162.9572 156.2936 0.0000 11545.4054 0.3769
2023 8 2 0 4.8000 64.7500 0.8000 4.8000 0.0000 10116.6432 0.0000 159.5634 162.9042 156.2416 0.0000 10116.6432 0.3767
2023 8 3 0 4.8000 43.5500 0.8000 4.8000 0.0000 6801.9685 0.0000 159.5082 162.8490 156.1876 0.0000 6801.9685 0.3766
2023 8 4 0 4.8000 62.1300 0.8000 4.8000 0.0000 9700.5151 0.0000 159.4520 162.7928 156.1325 0.0000 9700.5151 0.3765
2023 8 5 0 4.8000 76.9400 0.8000 4.8000 0.0000 12008.5710 0.0000 159.3954 162.7362 156.0771 0.0000 12008.5710 0.3763
2023 8 6 0 4.8000 57.5500 0.8000 4.8000 0.0000 8979.0260 0.0000 159.3384 162.6792 156.0213 0.0000 8979.0260 0.3762
2023 8 7 0 4.8000 16.8300 0.8000 4.8000 0.0000 2624.8935 0.0000 159.2811 162.6219 155.9652 0.0000 2624.8935 0.3761
2023 8 8 0 4.8000 0.0400 0.8000 4.8000 0.0000 6.2364 0.0000 159.2260 162.5668 155.9112 0.0000 6.2364 0.3759
2023 8 9 0 4.8000 14.7000 0.8000 4.8000 0.0000 2291.1546 0.0000 159.1745 162.5153 155.8609 0.0000 2291.1546 0.3758
2023 8 10 0 4.8000 51.2900 0.8000 4.8000 0.0000 7991.5699 0.0000 159.1241 162.4649 155.8115 0.0000 7991.5699 0.3757
2023 8 11 0 4.8000 72.3800 0.8000 4.8000 0.0000 11274.0847 0.0000 159.0740 162.4148 155.7624 0.0000 11274.0847 0.3756
2023 8 12 0 4.8000 69.7000 0.8000 4.8000 0.0000 10853.1766 0.0000 159.0233 162.3641 155.7127 0.0000 10853.1766 0.3755
2023 8 13 0 4.8000 63.1900 0.8000 4.8000 0.0000 9836.1956 0.0000 158.9701 162.3109 155.6606 0.0000 9836.1956 0.3753
2023 8 14 0 4.8000 85.9500 0.8000 4.8000 0.0000 13374.4418 0.0000 158.9155 162.2563 155.6072 0.0000 13374.4418 0.3752
2023 8 15 0 4.8000 82.7300 0.8000 4.8000 0.0000 12869.2646 0.0000 158.8646 162.2054 155.5574 0.0000 12869.2646 0.3751
2023 8 16 0 4.8000 93.5300 0.8000 4.8000 0.0000 14545.1492 0.0000 158.8195 162.1603 155.5132 0.0000 14545.1492 0.3750
2023 8 17 0 4.8000 92.9900 0.8000 4.8000 0.0000 14457.0726 0.0000 158.7745 162.1153 155.4691 0.0000 14457.0726 0.3749
2023 8 18 0 4.8000 84.3900 0.8000 4.8000 0.0000 13116.0809 0.0000 158.7266 162.0674 155.4222 0.0000 13116.0809 0.3748
2023 8 19 0 4.8000 48.8800 0.8000 4.8000 0.0000 7594.6589 0.0000 158.6769 162.0177 155.3735 0.0000 7594.6589 0.3746
2023 8 20 0 4.8000 75.6000 0.8000 4.8000 0.0000 11742.7939 0.0000 158.6303 161.9711 155.3280 0.0000 11742.7939 0.3745
2023 8 21 0 4.8000 88.4800 0.8000 4.8000 0.0000 13739.5143 0.0000 158.5853 161.9261 155.2838 0.0000 13739.5143 0.3744
2023 8 22 0 4.8000 92.0800 0.8000 4.8000 0.0000 14294.1359 0.0000 158.5365 161.8773 155.2361 0.0000 14294.1359 0.3743
2023 8 23 0 4.8000 99.5400 0.8000 4.8000 0.0000 15447.2040 0.0000 158.4852 161.8260 155.1859 0.0000 15447.2040 0.3742
2023 8 24 0 4.8000 99.6900 0.8000 4.8000 0.0000 15465.3156 0.0000 158.4323 161.7731 155.1341 0.0000 15465.3156 0.3741
2023 8 25 0 4.8000 93.1800 0.8000 4.8000 0.0000 14450.6112 0.0000 158.3799 161.7207 155.0828 0.0000 14450.6112 0.3739
2023 8 26 0 4.8000 87.9600 0.8000 4.8000 0.0000 13636.9605 0.0000 158.3321 161.6729 155.0359 0.0000 13636.9605 0.3738
2023 8 27 0 4.8000 89.4800 0.8000 4.8000 0.0000 13868.7533 0.0000 158.2880 161.6288 154.9928 0.0000 13868.7533 0.3737
2023 8 28 0 4.8000 91.8000 0.8000 4.8000 0.0000 14224.2265 0.0000 158.2423 161.5831 154.9480 0.0000 14224.2265 0.3736
2023 8 29 0 4.8000 95.0600 0.8000 4.8000 0.0000 14724.7772 0.0000 158.1931 161.5339 154.8998 0.0000 14724.7772 0.3735
2023 8 30 0 4.8000 99.5900 0.8000 4.8000 0.0000 15421.4460 0.0000 158.1415 161.4823 154.8493 0.0000 15421.4460 0.3734
2023 8 31 0 4.8000 97.2200 0.8000 4.8000 0.0000 15049.4029 0.0000 158.0885 161.4293 154.7974 0.0000 15049.4029 0.3733
