CHANNEL node 2 VANAROSEN
N_CASCADE_LINRES 3
K_TRAVELTIME_HOURS 4.00
yyyy mm dd hh [m3/s]    [Mm3]       [m3/s]      [Euro]
yyyy mm dd hh Up_Inflow Storage_Mm3 tot_outflow Qmin_Cost
2022 9 1 0 3.2000 0.04378654 2.7627 0.0000 
2022 9 2 0 3.2000 0.04603568 3.1740 0.0000 
2022 9 3 0 3.2000 0.04608000 3.1995 0.0000 
2022 9 4 0 3.2000 0.04608000 3.2000 0.0000 
2022 9 5 0 3.2000 0.04608000 3.2000 0.0000 
2022 9 6 0 3.2000 0.04608000 3.2000 0.0000 
2022 9 7 0 3.2000 0.04608000 3.2000 0.0000 
2022 9 8 0 3.2000 0.04608000 3.2000 0.0000 
2022 9 9 0 3.2000 0.04608000 3.2000 0.0000 
2022 9 10 0 3.2000 0.04608000 3.2000 0.0000 
2022 9 11 0 3.2000 0.04608000 3.2000 0.0000 
2022 9 12 0 3.2000 0.04608000 3.2000 0.0000 
2022 9 13 0 3.2000 0.04608000 3.2000 0.0000 
2022 9 14 0 3.2000 0.04608000 3.2000 0.0000 
2022 9 15 0 3.2000 0.04608000 3.2000 0.0000 
2022 9 16 0 3.2000 0.04608000 3.2000 0.0000 
2022 9 17 0 3.2000 0.04608000 3.2000 0.0000 
2022 9 18 0 3.2000 0.04608000 3.2000 0.0000 
2022 9 19 0 3.2000 0.04608000 3.2000 0.0000 
2022 9 20 0 3.2000 0.04608000 3.2000 0.0000 
2022 9 21 0 3.2000 0.04608000 3.2000 0.0000 
2022 9 22 0 3.2000 0.04608000 3.2000 0.0000 
2022 9 23 0 3.2000 0.04608000 3.2000 0.0000 
2022 9 24 0 3.2000 0.04608000 3.2000 0.0000 
2022 9 25 0 3.2000 0.04608000 3.2000 0.0000 
2022 9 26 0 3.2000 0.04608000 3.2000 0.0000 
2022 9 27 0 3.2000 0.04608000 3.2000 0.0000 
2022 9 28 0 3.2000 0.04608000 3.2000 0.0000 
2022 9 29 0 3.2000 0.04608000 3.2000 0.0000 
2022 9 30 0 3.2000 0.04608000 3.2000 0.0000 
2022 10 1 0 3.2000 0.04608000 3.2000 0.0000 
2022 10 2 0 3.2000 0.04608000 3.2000 0.0000 
2022 10 3 0 3.2000 0.04608000 3.2000 0.0000 
2022 10 4 0 3.2000 0.04608000 3.2000 0.0000 
2022 10 5 0 3.2000 0.04608000 3.2000 0.0000 
2022 10 6 0 3.2000 0.04608000 3.2000 0.0000 
2022 10 7 0 3.2000 0.04608000 3.2000 0.0000 
2022 10 8 0 3.2000 0.04608000 3.2000 0.0000 
2022 10 9 0 3.2000 0.04608000 3.2000 0.0000 
2022 10 10 0 3.2000 0.04608000 3.2000 0.0000 
2022 10 11 0 3.2000 0.04608000 3.2000 0.0000 
2022 10 12 0 3.2000 0.04608000 3.2000 0.0000 
2022 10 13 0 3.2000 0.04608000 3.2000 0.0000 
2022 10 14 0 3.2000 0.04608000 3.2000 0.0000 
2022 10 15 0 3.2000 0.04608000 3.2000 0.0000 
2022 10 16 0 3.2000 0.04608000 3.2000 0.0000 
2022 10 17 0 3.2000 0.04608000 3.2000 0.0000 
2022 10 18 0 3.2000 0.04608000 3.2000 0.0000 
2022 10 19 0 3.2000 0.04608000 3.2000 0.0000 
2022 10 20 0 3.2000 0.04608000 3.2000 0.0000 
2022 10 21 0 3.2000 0.04608000 3.2000 0.0000 
2022 10 22 0 3.2000 0.04608000 3.2000 0.0000 
2022 10 23 0 3.2000 0.04608000 3.2000 0.0000 
2022 10 24 0 3.2000 0.04608000 3.2000 0.0000 
2022 10 25 0 3.2000 0.04608000 3.2000 0.0000 
2022 10 26 0 3.2000 0.04608000 3.2000 0.0000 
2022 10 27 0 3.2000 0.04608000 3.2000 0.0000 
2022 10 28 0 3.2000 0.04608000 3.2000 0.0000 
2022 10 29 0 3.2000 0.04608000 3.2000 0.0000 
2022 10 30 0 3.2000 0.04608000 3.2000 0.0000 
2022 10 31 0 3.2000 0.04608000 3.2000 0.0000 
2022 11 1 0 3.2000 0.04608000 3.2000 0.0000 
2022 11 2 0 3.2000 0.04608000 3.2000 0.0000 
2022 11 3 0 3.2000 0.04608000 3.2000 0.0000 
2022 11 4 0 3.2000 0.04608000 3.2000 0.0000 
2022 11 5 0 3.2000 0.04608000 3.2000 0.0000 
2022 11 6 0 3.4523 0.04951485 3.4125 0.0000 
2022 11 7 0 4.1707 0.05949081 4.0553 0.0000 
2022 11 8 0 4.5801 0.06562203 4.5092 0.0000 
2022 11 9 0 5.1037 0.07307622 5.0174 0.0000 
2022 11 10 0 5.2379 0.07531196 5.2120 0.0000 
2022 11 11 0 5.1535 0.07427532 5.1655 0.0000 
2022 11 12 0 4.9352 0.07123969 4.9703 0.0000 
2022 11 13 0 4.6578 0.06729376 4.7035 0.0000 
2022 11 14 0 4.4146 0.06376472 4.4554 0.0000 
2022 11 15 0 4.4380 0.06389186 4.4365 0.0000 
2022 11 16 0 4.8530 0.06955742 4.7875 0.0000 
2022 11 17 0 6.2764 0.08925614 6.0484 0.0000 
2022 11 18 0 6.2960 0.09062610 6.2802 0.0000 
2022 11 19 0 5.8595 0.08471951 5.9279 0.0000 
2022 11 20 0 5.5434 0.08007934 5.5971 0.0000 
2022 11 21 0 5.0624 0.07328104 5.1411 0.0000 
2022 11 22 0 4.5851 0.06640688 4.6646 0.0000 
2022 11 23 0 4.2852 0.06195003 4.3368 0.0000 
2022 11 24 0 4.0580 0.05861769 4.0965 0.0000 
2022 11 25 0 4.0635 0.05851351 4.0647 0.0000 
2022 11 26 0 4.3774 0.06278797 4.3279 0.0000 
2022 11 27 0 4.7632 0.06828237 4.6996 0.0000 
2022 11 28 0 5.2931 0.07579932 5.2061 0.0000 
2022 11 29 0 5.2943 0.07622945 5.2893 0.0000 
2022 11 30 0 5.0050 0.07229913 5.0505 0.0000 
2022 12 1 0 4.6205 0.06684165 4.6837 0.0000 
2022 12 2 0 4.2282 0.06119945 4.2935 0.0000 
2022 12 3 0 3.8397 0.05560236 3.9045 0.0000 
2022 12 4 0 3.4907 0.05054567 3.5492 0.0000 
2022 12 5 0 3.2000 0.04631341 3.2490 0.0000 
2022 12 6 0 3.2000 0.04608431 3.2027 0.0000 
2022 12 7 0 3.2000 0.04608000 3.2000 0.0000 
2022 12 8 0 3.2000 0.04608000 3.2000 0.0000 
2022 12 9 0 3.2000 0.04608000 3.2000 0.0000 
2022 12 10 0 3.2000 0.04608000 3.2000 0.0000 
2022 12 11 0 3.2000 0.04608000 3.2000 0.0000 
2022 12 12 0 3.2000 0.04608000 3.2000 0.0000 
2022 12 13 0 3.2000 0.04608000 3.2000 0.0000 
2022 12 14 0 3.2000 0.04608000 3.2000 0.0000 
2022 12 15 0 3.2000 0.04608000 3.2000 0.0000 
2022 12 16 0 3.2000 0.04608000 3.2000 0.0000 
2022 12 17 0 3.2000 0.04608000 3.2000 0.0000 
2022 12 18 0 3.2000 0.04608000 3.2000 0.0000 
2022 12 19 0 3.2000 0.04608000 3.2000 0.0000 
2022 12 20 0 3.2000 0.04608000 3.2000 0.0000 
2022 12 21 0 3.2000 0.04608000 3.2000 0.0000 
2022 12 22 0 3.2000 0.04608000 3.2000 0.0000 
2022 12 23 0 3.2000 0.04608000 3.2000 0.0000 
2022 12 24 0 3.2000 0.04608000 3.2000 0.0000 
2022 12 25 0 3.2000 0.04608000 3.2000 0.0000 
2022 12 26 0 3.2000 0.04608000 3.2000 0.0000 
2022 12 27 0 3.2000 0.04608000 3.2000 0.0000 
2022 12 28 0 3.2000 0.04608000 3.2000 0.0000 
2022 12 29 0 3.2000 0.04608000 3.2000 0.0000 
2022 12 30 0 3.2000 0.04608000 3.2000 0.0000 
2022 12 31 0 3.2000 0.04608000 3.2000 0.0000 
2023 1 1 0 3.2000 0.04608000 3.2000 0.0000 
2023 1 2 0 3.2000 0.04608000 3.2000 0.0000 
2023 1 3 0 3.2000 0.04608000 3.2000 0.0000 
2023 1 4 0 3.2000 0.04608000 3.2000 0.0000 
2023 1 5 0 3.2000 0.04608000 3.2000 0.0000 
2023 1 6 0 3.2000 0.04608000 3.2000 0.0000 
2023 1 7 0 0.0000 0.00251259 0.5043 0.0000 
2023 1 8 0 0.0000 0.00004741 0.0285 0.0000 
2023 1 9 0 0.0000 0.00000000 0.0005 0.0000 
2023 1 10 0 0.0000 0.00000000 0.0000 0.0000 
2023 1 11 0 0.0000 0.00000000 0.0000 0.0000 
2023 1 12 0 0.0000 0.00000000 0.0000 0.0000 
2023 1 13 0 0.0000 0.00000000 0.0000 0.0000 
2023 1 14 0 0.0000 0.00000000 0.0000 0.0000 
2023 1 15 0 0.0000 0.00000000 0.0000 0.0000 
2023 1 16 0 0.0000 0.00000000 0.0000 0.0000 
2023 1 17 0 0.0000 0.00000000 0.0000 0.0000 
2023 1 18 0 0.0000 0.00000000 0.0000 0.0000 
2023 1 19 0 0.0000 0.00000000 0.0000 0.0000 
2023 1 20 0 0.0000 0.00000000 0.0000 0.0000 
2023 1 21 0 0.0000 0.00000000 0.0000 0.0000 
2023 1 22 0 0.0000 0.00000000 0.0000 0.0000 
2023 1 23 0 0.0000 0.00000000 0.0000 0.0000 
2023 1 24 0 0.0000 0.00000000 0.0000 0.0000 
2023 1 25 0 0.0000 0.00000000 0.0000 0.0000 
2023 1 26 0 0.0000 0.00000000 0.0000 0.0000 
2023 1 27 0 0.0000 0.00000000 0.0000 0.0000 
2023 1 28 0 0.0000 0.00000000 0.0000 0.0000 
2023 1 29 0 0.0000 0.00000000 0.0000 0.0000 
2023 1 30 0 0.1437 0.00195628 0.1210 0.0000 
2023 1 31 0 0.3228 0.00450504 0.2933 0.0000 
2023 2 1 0 0.4571 0.00647369 0.4343 0.0000 
2023 2 2 0 0.5958 0.00846881 0.5727 0.0000 
2023 2 3 0 0.6812 0.00974033 0.6665 0.0000 
2023 2 4 0 0.7225 0.01036995 0.7152 0.0000 
2023 2 5 0 0.7462 0.01072656 0.7421 0.0000 
2023 2 6 0 0.7555 0.01087196 0.7538 0.0000 
2023 2 7 0 0.7528 0.01084293 0.7532 0.0000 
2023 2 8 0 0.7454 0.01074021 0.7466 0.0000 
2023 2 9 0 0.7566 0.01088635 0.7549 0.0000 
2023 2 10 0 0.7745 0.01113810 0.7716 0.0000 
2023 2 11 0 0.7996 0.01149442 0.7955 0.0000 
2023 2 12 0 0.8291 0.01191492 0.8242 0.0000 
2023 2 13 0 0.8534 0.01226956 0.8493 0.0000 
2023 2 14 0 0.8718 0.01253953 0.8687 0.0000 
2023 2 15 0 0.8629 0.01243214 0.8641 0.0000 
2023 2 16 0 0.8451 0.01218349 0.8480 0.0000 
2023 2 17 0 0.8529 0.01227530 0.8518 0.0000 
2023 2 18 0 0.8731 0.01255661 0.8698 0.0000 
2023 2 19 0 0.9002 0.01294145 0.8958 0.0000 
2023 2 20 0 0.9347 0.01343267 0.9290 0.0000 
2023 2 21 0 0.9737 0.01398964 0.9672 0.0000 
2023 2 22 0 0.9834 0.01415268 0.9815 0.0000 
2023 2 23 0 1.0035 0.01443509 1.0003 0.0000 
2023 2 24 0 1.0306 0.01481883 1.0261 0.0000 
2023 2 25 0 1.0979 0.01575612 1.0870 0.0000 
2023 2 26 0 1.2572 0.01797780 1.2315 0.0000 
2023 2 27 0 1.4512 0.02074306 1.4192 0.0000 
2023 2 28 0 1.5461 0.02218593 1.5294 0.0000 
2023 3 1 0 1.5796 0.02271813 1.5734 0.0000 
2023 3 2 0 1.5745 0.02267578 1.5750 0.0000 
2023 3 3 0 1.5460 0.02228542 1.5506 0.0000 
2023 3 4 0 3.2989 0.04612853 3.0230 0.0000 
2023 3 5 0 4.4842 0.06361576 4.2818 0.0000 
2023 3 6 0 4.0000 0.05796262 4.0654 0.0000 
2023 3 7 0 4.0000 0.05760717 4.0041 0.0000 
2023 3 8 0 4.0000 0.05760000 4.0001 0.0000 
2023 3 9 0 4.0000 0.05760000 4.0000 0.0000 
2023 3 10 0 4.0000 0.05760000 4.0000 0.0000 
2023 3 11 0 4.0000 0.05760000 4.0000 0.0000 
2023 3 12 0 4.0000 0.05760000 4.0000 0.0000 
2023 3 13 0 4.0000 0.05760000 4.0000 0.0000 
2023 3 14 0 4.0000 0.05760000 4.0000 0.0000 
2023 3 15 0 4.0000 0.05760000 4.0000 0.0000 
2023 3 16 0 4.0000 0.05760000 4.0000 0.0000 
2023 3 17 0 4.0000 0.05760000 4.0000 0.0000 
2023 3 18 0 4.0000 0.05760000 4.0000 0.0000 
2023 3 19 0 4.0000 0.05760000 4.0000 0.0000 
2023 3 20 0 4.0000 0.05760000 4.0000 0.0000 
2023 3 21 0 4.0000 0.05760000 4.0000 0.0000 
2023 3 22 0 4.0000 0.05760000 4.0000 0.0000 
2023 3 23 0 4.0000 0.05760000 4.0000 0.0000 
2023 3 24 0 4.0000 0.05760000 4.0000 0.0000 
2023 3 25 0 4.0000 0.05760000 4.0000 0.0000 
2023 3 26 0 4.0000 0.05760000 4.0000 0.0000 
2023 3 27 0 4.0000 0.05760000 4.0000 0.0000 
2023 3 28 0 4.0000 0.05760000 4.0000 0.0000 
2023 3 29 0 4.0000 0.05760000 4.0000 0.0000 
2023 3 30 0 4.0000 0.05760000 4.0000 0.0000 
2023 3 31 0 2.8400 0.04180681 3.0228 0.0000 
2023 4 1 0 0.0000 0.00224711 0.4579 0.0000 
2023 4 2 0 0.0000 0.00004207 0.0255 0.0000 
2023 4 3 0 0.0000 0.00000000 0.0005 0.0000 
2023 4 4 0 0.0000 0.00000000 0.0000 0.0000 
2023 4 5 0 0.0000 0.00000000 0.0000 0.0000 
2023 4 6 0 0.0000 0.00000000 0.0000 0.0000 
2023 4 7 0 0.0000 0.00000000 0.0000 0.0000 
2023 4 8 0 0.0000 0.00000000 0.0000 0.0000 
2023 4 9 0 0.0000 0.00000000 0.0000 0.0000 
2023 4 10 0 0.0000 0.00000000 0.0000 0.0000 
2023 4 11 0 0.2800 0.00381215 0.2359 0.0000 
2023 4 12 0 3.2000 0.04378311 2.7374 0.0000 
2023 4 13 0 3.2000 0.04603674 3.1739 0.0000 
2023 4 14 0 3.2000 0.04608000 3.1995 0.0000 
2023 4 15 0 3.2000 0.04608000 3.2000 0.0000 
2023 4 16 0 3.2000 0.04608000 3.2000 0.0000 
2023 4 17 0 3.2000 0.04608000 3.2000 0.0000 
2023 4 18 0 3.2000 0.04608000 3.2000 0.0000 
2023 4 19 0 3.2000 0.04608000 3.2000 0.0000 
2023 4 20 0 3.2000 0.04608000 3.2000 0.0000 
2023 4 21 0 3.2000 0.04608000 3.2000 0.0000 
2023 4 22 0 3.2000 0.04608000 3.2000 0.0000 
2023 4 23 0 3.2000 0.04608000 3.2000 0.0000 
2023 4 24 0 3.2000 0.04608000 3.2000 0.0000 
2023 4 25 0 3.2000 0.04608000 3.2000 0.0000 
2023 4 26 0 3.2000 0.04608000 3.2000 0.0000 
2023 4 27 0 3.2000 0.04608000 3.2000 0.0000 
2023 4 28 0 3.2000 0.04608000 3.2000 0.0000 
2023 4 29 0 3.2000 0.04608000 3.2000 0.0000 
2023 4 30 0 3.2000 0.04608000 3.2000 0.0000 
2023 5 1 0 3.2000 0.04608000 3.2000 0.0000 
2023 5 2 0 3.2000 0.04608000 3.2000 0.0000 
2023 5 3 0 3.2000 0.04608000 3.2000 0.0000 
2023 5 4 0 3.2000 0.04608000 3.2000 0.0000 
2023 5 5 0 3.2000 0.04608000 3.2000 0.0000 
2023 5 6 0 3.2000 0.04608000 3.2000 0.0000 
2023 5 7 0 3.2000 0.04608000 3.2000 0.0000 
2023 5 8 0 3.2000 0.04608000 3.2000 0.0000 
2023 5 9 0 3.2000 0.04608000 3.2000 0.0000 
2023 5 10 0 3.5763 0.05120370 3.5170 0.0000 
2023 5 11 0 2.7917 0.04081080 2.9120 0.0000 
2023 5 12 0 3.7325 0.05302025 3.5911 0.0000 
2023 5 13 0 5.4548 0.07718341 5.1752 0.0000 
2023 5 14 0 6.8589 0.09763980 6.6221 0.0000 
2023 5 15 0 8.4817 0.12084088 8.2131 0.0000 
2023 5 16 0 10.5527 0.15030823 10.2116 0.0000 
2023 5 17 0 11.6008 0.16619846 11.4169 0.0000 
2023 5 18 0 11.6992 0.16837541 11.6740 0.0000 
2023 5 19 0 11.4521 0.16510320 11.4900 0.0000 
2023 5 20 0 11.2122 0.16164825 11.2522 0.0000 
2023 5 21 0 10.8970 0.15716795 10.9489 0.0000 
2023 5 22 0 10.5635 0.15238052 10.6189 0.0000 
2023 5 23 0 10.6999 0.15397667 10.6814 0.0000 
2023 5 24 0 10.9259 0.15715348 10.8891 0.0000 
2023 5 25 0 10.9383 0.15749814 10.9343 0.0000 
2023 5 26 0 11.0275 0.15872508 11.0132 0.0000 
2023 5 27 0 10.8928 0.15696007 10.9132 0.0000 
2023 5 28 0 10.3708 0.14975095 10.4542 0.0000 
2023 5 29 0 9.5678 0.13841499 9.6990 0.0000 
2023 5 30 0 8.7630 0.12683049 8.8970 0.0000 
2023 5 31 0 7.9779 0.11551059 8.1090 0.0000 
2023 6 1 0 7.2370 0.10480594 7.3609 0.0000 
2023 6 2 0 6.5135 0.09437304 6.6342 0.0000 
2023 6 3 0 5.8286 0.08448007 5.9431 0.0000 
2023 6 4 0 5.2154 0.07559320 5.3182 0.0000 
2023 6 5 0 4.6632 0.06759307 4.7558 0.0000 
2023 6 6 0 4.1581 0.06028132 4.2427 0.0000 
2023 6 7 0 3.6970 0.05360694 3.7743 0.0000 
2023 6 8 0 3.2794 0.04755784 3.3494 0.0000 
2023 6 9 0 2.9011 0.04207843 2.9645 0.0000 
2023 6 10 0 2.5587 0.03712009 2.6161 0.0000 
2023 6 11 0 2.2514 0.03266606 2.3029 0.0000 
2023 6 12 0 1.9798 0.02872735 2.0254 0.0000 
2023 6 13 0 1.7414 0.02526736 1.7814 0.0000 
2023 6 14 0 1.5286 0.02218262 1.5643 0.0000 
2023 6 15 0 1.3440 0.01950111 1.3750 0.0000 
2023 6 16 0 1.1860 0.01720549 1.2126 0.0000 
2023 6 17 0 1.0485 0.01520833 1.0716 0.0000 
2023 6 18 0 0.9312 0.01350383 0.9510 0.0000 
2023 6 19 0 0.8360 0.01211462 0.8521 0.0000 
2023 6 20 0 0.7641 0.01106086 0.7763 0.0000 
2023 6 21 0 0.7409 0.01068859 0.7452 0.0000 
2023 6 22 0 0.9516 0.01353771 0.9186 0.0000 
2023 6 23 0 1.0343 0.01482520 1.0194 0.0000 
2023 6 24 0 1.0283 0.01481142 1.0285 0.0000 
2023 6 25 0 0.9751 0.01408269 0.9835 0.0000 
2023 6 26 0 0.9068 0.01311214 0.9180 0.0000 
2023 6 27 0 0.8434 0.01219584 0.8540 0.0000 
2023 6 28 0 0.7927 0.01145572 0.8013 0.0000 
2023 6 29 0 0.7456 0.01077414 0.7535 0.0000 
2023 6 30 0 0.7066 0.01020637 0.7132 0.0000 
2023 7 1 0 0.6640 0.00959548 0.6711 0.0000 
2023 7 2 0 0.6287 0.00908216 0.6347 0.0000 
2023 7 3 0 0.5996 0.00865739 0.6045 0.0000 
2023 7 4 0 0.5927 0.00854129 0.5941 0.0000 
2023 7 5 0 0.5854 0.00843503 0.5866 0.0000 
2023 7 6 0 0.5948 0.00855780 0.5934 0.0000 
2023 7 7 0 0.6458 0.00925946 0.6377 0.0000 
2023 7 8 0 0.8021 0.01142613 0.7770 0.0000 
2023 7 9 0 0.9503 0.01356570 0.9255 0.0000 
2023 7 10 0 1.0384 0.01488134 1.0232 0.0000 
2023 7 11 0 1.0853 0.01559041 1.0771 0.0000 
2023 7 12 0 1.1639 0.01669758 1.1511 0.0000 
2023 7 13 0 1.1874 0.01707903 1.1830 0.0000 
2023 7 14 0 1.1654 0.01679857 1.1686 0.0000 
2023 7 15 0 1.1766 0.01693396 1.1750 0.0000 
2023 7 16 0 1.3776 0.01967940 1.3458 0.0000 
2023 7 17 0 1.7132 0.02440421 1.6586 0.0000 
2023 7 18 0 1.9079 0.02731661 1.8742 0.0000 
2023 7 19 0 4.6037 0.06417410 4.1771 0.0000 
2023 7 20 0 4.1192 0.05965757 4.1715 0.0000 
2023 7 21 0 3.6701 0.05320920 3.7447 0.0000 
2023 7 22 0 3.2657 0.04735061 3.3335 0.0000 
2023 7 23 0 3.2000 0.04613760 3.2140 0.0000 
2023 7 24 0 3.2000 0.04608097 3.2007 0.0000 
2023 7 25 0 3.2000 0.04608000 3.2000 0.0000 
2023 7 26 0 3.2000 0.04608000 3.2000 0.0000 
2023 7 27 0 3.2000 0.04608000 3.2000 0.0000 
2023 7 28 0 3.2000 0.04608000 3.2000 0.0000 
2023 7 29 0 3.2000 0.04608000 3.2000 0.0000 
2023 7 30 0 3.2000 0.04608000 3.2000 0.0000 
2023 7 31 0 3.2000 0.04608000 3.2000 0.0000 
2023 8 1 0 3.2000 0.04608000 3.2000 0.0000 
2023 8 2 0 3.2000 0.04608000 3.2000 0.0000 
2023 8 3 0 3.2000 0.04608000 3.2000 0.0000 
2023 8 4 0 3.2000 0.04608000 3.2000 0.0000 
2023 8 5 0 3.2000 0.04608000 3.2000 0.0000 
2023 8 6 0 3.2000 0.04608000 3.2000 0.0000 
2023 8 7 0 3.2000 0.04608000 3.2000 0.0000 
2023 8 8 0 3.2000 0.04608000 3.2000 0.0000 
2023 8 9 0 3.2000 0.04608000 3.2000 0.0000 
2023 8 10 0 3.2000 0.04608000 3.2000 0.0000 
2023 8 11 0 3.2000 0.04608000 3.2000 0.0000 
2023 8 12 0 3.2000 0.04608000 3.2000 0.0000 
2023 8 13 0 3.2000 0.04608000 3.2000 0.0000 
2023 8 14 0 3.2000 0.04608000 3.2000 0.0000 
2023 8 15 0 3.2000 0.04608000 3.2000 0.0000 
2023 8 16 0 3.2000 0.04608000 3.2000 0.0000 
2023 8 17 0 3.2000 0.04608000 3.2000 0.0000 
2023 8 18 0 3.2000 0.04608000 3.2000 0.0000 
2023 8 19 0 3.2000 0.04608000 3.2000 0.0000 
2023 8 20 0 3.2000 0.04608000 3.2000 0.0000 
2023 8 21 0 3.2000 0.04608000 3.2000 0.0000 
2023 8 22 0 3.2000 0.04608000 3.2000 0.0000 
2023 8 23 0 3.2000 0.04608000 3.2000 0.0000 
2023 8 24 0 3.2000 0.04608000 3.2000 0.0000 
2023 8 25 0 3.2000 0.04608000 3.2000 0.0000 
2023 8 26 0 3.2000 0.04608000 3.2000 0.0000 
2023 8 27 0 3.2000 0.04608000 3.2000 0.0000 
2023 8 28 0 3.2000 0.04608000 3.2000 0.0000 
2023 8 29 0 3.2000 0.04608000 3.2000 0.0000 
2023 8 30 0 3.2000 0.04608000 3.2000 0.0000 
2023 8 31 0 3.2000 0.04608000 3.2000 0.0000 
