CHANNEL node 8 DALSANA
N_CASCADE_LINRES 3
K_TRAVELTIME_HOURS 6.00
yyyy mm dd hh [m3/s]    [Mm3]       [m3/s]      [Euro]
yyyy mm dd hh Up_Inflow Storage_Mm3 tot_outflow Qmin_Cost
2022 9 1 0 0.0000 0.00032642 0.0657 0.0000 
2022 9 2 0 0.0000 0.00000695 0.0037 0.0000 
2022 9 3 0 0.0000 0.00000000 0.0001 0.0000 
2022 9 4 0 7.4970 0.14881461 5.7746 0.0000 
2022 9 5 0 9.5200 0.20171653 8.9077 0.0000 
2022 9 6 0 9.5200 0.20553081 9.4759 0.0000 
2022 9 7 0 9.5200 0.20563200 9.5188 0.0000 
2022 9 8 0 9.5200 0.20563200 9.5200 0.0000 
2022 9 9 0 9.5200 0.20563200 9.5200 0.0000 
2022 9 10 0 9.5200 0.20563200 9.5200 0.0000 
2022 9 11 0 9.5200 0.20563200 9.5200 0.0000 
2022 9 12 0 9.5200 0.20563200 9.5200 0.0000 
2022 9 13 0 9.5200 0.20563200 9.5200 0.0000 
2022 9 14 0 9.5200 0.20563200 9.5200 0.0000 
2022 9 15 0 9.5200 0.20563200 9.5200 0.0000 
2022 9 16 0 9.5200 0.20563200 9.5200 0.0000 
2022 9 17 0 9.5200 0.20563200 9.5200 0.0000 
2022 9 18 0 9.5200 0.20563200 9.5200 0.0000 
2022 9 19 0 9.5200 0.20563200 9.5200 0.0000 
2022 9 20 0 9.5200 0.20563200 9.5200 0.0000 
2022 9 21 0 9.5200 0.20563200 9.5200 0.0000 
2022 9 22 0 9.5200 0.20563200 9.5200 0.0000 
2022 9 23 0 9.5200 0.20563200 9.5200 0.0000 
2022 9 24 0 9.5200 0.20563200 9.5200 0.0000 
2022 9 25 0 9.5200 0.20563200 9.5200 0.0000 
2022 9 26 0 9.5200 0.20563200 9.5200 0.0000 
2022 9 27 0 9.5200 0.20563200 9.5200 0.0000 
2022 9 28 0 9.5200 0.20563200 9.5200 0.0000 
2022 9 29 0 9.5200 0.20563200 9.5200 0.0000 
2022 9 30 0 9.5200 0.20563200 9.5200 0.0000 
2022 10 1 0 9.5200 0.20563200 9.5200 0.0000 
2022 10 2 0 9.5200 0.20563200 9.5200 0.0000 
2022 10 3 0 9.5200 0.20563200 9.5200 0.0000 
2022 10 4 0 9.5200 0.20563200 9.5200 0.0000 
2022 10 5 0 9.5200 0.20563200 9.5200 0.0000 
2022 10 6 0 9.5200 0.20563200 9.5200 0.0000 
2022 10 7 0 9.5200 0.20563200 9.5200 0.0000 
2022 10 8 0 9.5200 0.20563200 9.5200 0.0000 
2022 10 9 0 9.5200 0.20563200 9.5200 0.0000 
2022 10 10 0 9.5200 0.20563200 9.5200 0.0000 
2022 10 11 0 9.5200 0.20563200 9.5200 0.0000 
2022 10 12 0 9.5200 0.20563200 9.5200 0.0000 
2022 10 13 0 9.5200 0.20563200 9.5200 0.0000 
2022 10 14 0 9.5200 0.20563200 9.5200 0.0000 
2022 10 15 0 9.5200 0.20563200 9.5200 0.0000 
2022 10 16 0 9.5200 0.20563200 9.5200 0.0000 
2022 10 17 0 9.5200 0.20563200 9.5200 0.0000 
2022 10 18 0 9.5200 0.20563200 9.5200 0.0000 
2022 10 19 0 9.5200 0.20563200 9.5200 0.0000 
2022 10 20 0 9.5200 0.20563200 9.5200 0.0000 
2022 10 21 0 9.5200 0.20563200 9.5200 0.0000 
2022 10 22 0 9.5200 0.20563200 9.5200 0.0000 
2022 10 23 0 9.5200 0.20563200 9.5200 0.0000 
2022 10 24 0 9.5200 0.20563200 9.5200 0.0000 
2022 10 25 0 9.5200 0.20563200 9.5200 0.0000 
2022 10 26 0 9.5200 0.20563200 9.5200 0.0000 
2022 10 27 0 9.5200 0.20563200 9.5200 0.0000 
2022 10 28 0 9.5200 0.20563200 9.5200 0.0000 
2022 10 29 0 9.5200 0.20563200 9.5200 0.0000 
2022 10 30 0 9.5200 0.20563200 9.5200 0.0000 
2022 10 31 0 9.5200 0.20563200 9.5200 0.0000 
2022 11 1 0 9.5200 0.20563200 9.5200 0.0000 
2022 11 2 0 9.5200 0.20563200 9.5200 0.0000 
2022 11 3 0 9.5200 0.20563200 9.5200 0.0000 
2022 11 4 0 9.5200 0.20563200 9.5200 0.0000 
2022 11 5 0 9.5200 0.20563200 9.5200 0.0000 
2022 11 6 0 9.5200 0.20563200 9.5200 0.0000 
2022 11 7 0 9.5200 0.20563200 9.5200 0.0000 
2022 11 8 0 9.5200 0.20563200 9.5200 0.0000 
2022 11 9 0 9.5200 0.20563200 9.5200 0.0000 
2022 11 10 0 9.5200 0.20563200 9.5200 0.0000 
2022 11 11 0 9.5200 0.20563200 9.5200 0.0000 
2022 11 12 0 9.5200 0.20563200 9.5200 0.0000 
2022 11 13 0 9.5200 0.20563200 9.5200 0.0000 
2022 11 14 0 9.5200 0.20563200 9.5200 0.0000 
2022 11 15 0 9.5474 0.20617551 9.5411 0.0000 
2022 11 16 0 9.6951 0.20915481 9.6606 0.0000 
2022 11 17 0 9.9624 0.21471228 9.8981 0.0000 
2022 11 18 0 10.1377 0.21865465 10.0921 0.0000 
2022 11 19 0 10.2532 0.22125894 10.2231 0.0000 
2022 11 20 0 10.3475 0.22333437 10.3234 0.0000 
2022 11 21 0 10.4000 0.22454318 10.3860 0.0000 
2022 11 22 0 10.4224 0.22508207 10.4162 0.0000 
2022 11 23 0 10.4369 0.22540992 10.4331 0.0000 
2022 11 24 0 10.4551 0.22579779 10.4506 0.0000 
2022 11 25 0 10.5396 0.22750737 10.5199 0.0000 
2022 11 26 0 10.6884 0.23060514 10.6526 0.0000 
2022 11 27 0 10.8556 0.23418016 10.8142 0.0000 
2022 11 28 0 11.1406 0.24012910 11.0717 0.0000 
2022 11 29 0 11.3156 0.24409553 11.2696 0.0000 
2022 11 30 0 11.4011 0.24610509 11.3778 0.0000 
2022 12 1 0 11.4329 0.24689159 11.4238 0.0000 
2022 12 2 0 11.4290 0.24687166 11.4292 0.0000 
2022 12 3 0 11.3967 0.24622480 11.4042 0.0000 
2022 12 4 0 11.3432 0.24510802 11.3561 0.0000 
2022 12 5 0 11.2736 0.24363340 11.2906 0.0000 
2022 12 6 0 11.2045 0.24214075 11.2217 0.0000 
2022 12 7 0 11.1364 0.24066907 11.1534 0.0000 
2022 12 8 0 11.0754 0.23933944 11.0908 0.0000 
2022 12 9 0 11.0220 0.23817233 11.0355 0.0000 
2022 12 10 0 10.9703 0.23705267 10.9833 0.0000 
2022 12 11 0 10.9259 0.23607945 10.9371 0.0000 
2022 12 12 0 10.8840 0.23516937 10.8945 0.0000 
2022 12 13 0 10.8402 0.23422611 10.8511 0.0000 
2022 12 14 0 10.7949 0.23325123 10.8062 0.0000 
2022 12 15 0 10.7455 0.23219129 10.7578 0.0000 
2022 12 16 0 10.6921 0.23104495 10.7054 0.0000 
2022 12 17 0 10.6388 0.22989431 10.6521 0.0000 
2022 12 18 0 10.5881 0.22879353 10.6008 0.0000 
2022 12 19 0 10.5393 0.22773703 10.5515 0.0000 
2022 12 20 0 10.4961 0.22679339 10.5070 0.0000 
2022 12 21 0 10.4669 0.22613751 10.4745 0.0000 
2022 12 22 0 10.4384 0.22552089 10.4455 0.0000 
2022 12 23 0 10.3972 0.22465293 10.4072 0.0000 
2022 12 24 0 10.3453 0.22355154 10.3581 0.0000 
2022 12 25 0 10.2911 0.22238558 10.3046 0.0000 
2022 12 26 0 10.2728 0.22192756 10.2781 0.0000 
2022 12 27 0 10.2521 0.22148182 10.2572 0.0000 
2022 12 28 0 10.2175 0.22075856 10.2258 0.0000 
2022 12 29 0 10.1802 0.21996009 10.1895 0.0000 
2022 12 30 0 10.1413 0.21912280 10.1510 0.0000 
2022 12 31 0 10.1278 0.21878586 10.1317 0.0000 
2023 1 1 0 10.1001 0.21821112 10.1067 0.0000 
2023 1 2 0 10.0652 0.21746996 10.0737 0.0000 
2023 1 3 0 10.0265 0.21664089 10.0360 0.0000 
2023 1 4 0 9.9865 0.21578039 9.9965 0.0000 
2023 1 5 0 9.9529 0.21504360 9.9614 0.0000 
2023 1 6 0 9.9167 0.21426523 9.9257 0.0000 
2023 1 7 0 9.7777 0.21144251 9.8103 0.0000 
2023 1 8 0 9.7015 0.20969234 9.7217 0.0000 
2023 1 9 0 9.6927 0.20938182 9.6963 0.0000 
2023 1 10 0 9.7126 0.20975773 9.7082 0.0000 
2023 1 11 0 9.5640 0.20684135 9.5977 0.0000 
2023 1 12 0 9.5200 0.20571643 9.5330 0.0000 
2023 1 13 0 9.5200 0.20563420 9.5210 0.0000 
2023 1 14 0 9.5200 0.20563200 9.5200 0.0000 
2023 1 15 0 9.5200 0.20563200 9.5200 0.0000 
2023 1 16 0 9.5200 0.20563200 9.5200 0.0000 
2023 1 17 0 9.5200 0.20563200 9.5200 0.0000 
2023 1 18 0 9.5200 0.20563200 9.5200 0.0000 
2023 1 19 0 9.5200 0.20563200 9.5200 0.0000 
2023 1 20 0 9.5200 0.20563200 9.5200 0.0000 
2023 1 21 0 9.5200 0.20563200 9.5200 0.0000 
2023 1 22 0 9.5200 0.20563200 9.5200 0.0000 
2023 1 23 0 9.5200 0.20563200 9.5200 0.0000 
2023 1 24 0 9.5200 0.20563200 9.5200 0.0000 
2023 1 25 0 9.5200 0.20563200 9.5200 0.0000 
2023 1 26 0 9.5200 0.20563200 9.5200 0.0000 
2023 1 27 0 5.1170 0.11823294 6.1286 0.0000 
2023 1 28 0 0.0000 0.00917556 1.2622 0.0000 
2023 1 29 0 0.0000 0.00025596 0.1032 0.0000 
2023 1 30 0 0.0000 0.00000000 0.0030 0.0000 
2023 1 31 0 0.0000 0.00000000 0.0000 0.0000 
2023 2 1 0 0.0000 0.00000000 0.0000 0.0000 
2023 2 2 0 0.0000 0.00000000 0.0000 0.0000 
2023 2 3 0 0.0000 0.00000000 0.0000 0.0000 
2023 2 4 0 0.0000 0.00000000 0.0000 0.0000 
2023 2 5 0 0.0000 0.00000000 0.0000 0.0000 
2023 2 6 0 0.0000 0.00000000 0.0000 0.0000 
2023 2 7 0 0.0000 0.00000000 0.0000 0.0000 
2023 2 8 0 0.0000 0.00000000 0.0000 0.0000 
2023 2 9 0 0.0000 0.00000000 0.0000 0.0000 
2023 2 10 0 0.0000 0.00000000 0.0000 0.0000 
2023 2 11 0 0.0000 0.00000000 0.0000 0.0000 
2023 2 12 0 0.0000 0.00000000 0.0000 0.0000 
2023 2 13 0 0.0000 0.00000000 0.0000 0.0000 
2023 2 14 0 0.0000 0.00000000 0.0000 0.0000 
2023 2 15 0 0.0000 0.00000000 0.0000 0.0000 
2023 2 16 0 0.0000 0.00000000 0.0000 0.0000 
2023 2 17 0 0.0000 0.00000000 0.0000 0.0000 
2023 2 18 0 0.0000 0.00000000 0.0000 0.0000 
2023 2 19 0 0.0000 0.00000000 0.0000 0.0000 
2023 2 20 0 0.0000 0.00000000 0.0000 0.0000 
2023 2 21 0 0.0000 0.00000000 0.0000 0.0000 
2023 2 22 0 0.0000 0.00000000 0.0000 0.0000 
2023 2 23 0 0.0000 0.00000000 0.0000 0.0000 
2023 2 24 0 0.0000 0.00000000 0.0000 0.0000 
2023 2 25 0 0.0156 0.00030918 0.0120 0.0000 
2023 2 26 0 0.1903 0.00380347 0.1498 0.0000 
2023 2 27 0 0.2145 0.00458163 0.2055 0.0000 
2023 2 28 0 0.3147 0.00662078 0.2911 0.0000 
2023 3 1 0 0.4099 0.00868224 0.3860 0.0000 
2023 3 2 0 0.4982 0.01060217 0.4760 0.0000 
2023 3 3 0 0.5773 0.01232678 0.5573 0.0000 
2023 3 4 0 0.7109 0.01511733 0.6786 0.0000 
2023 3 5 0 0.8919 0.01894179 0.8476 0.0000 
2023 3 6 0 1.0476 0.02234745 1.0082 0.0000 
2023 3 7 0 1.1868 0.02538390 1.1517 0.0000 
2023 3 8 0 1.3215 0.02830174 1.2877 0.0000 
2023 3 9 0 1.4477 0.03104192 1.4159 0.0000 
2023 3 10 0 1.5672 0.03363646 1.5372 0.0000 
2023 3 11 0 1.6809 0.03610153 1.6523 0.0000 
2023 3 12 0 1.7904 0.03847453 1.7629 0.0000 
2023 3 13 0 1.8959 0.04076184 1.8695 0.0000 
2023 3 14 0 1.9981 0.04297481 1.9725 0.0000 
2023 3 15 0 2.0950 0.04507769 2.0707 0.0000 
2023 3 16 0 2.1869 0.04707147 2.1638 0.0000 
2023 3 17 0 2.2779 0.04903919 2.2551 0.0000 
2023 3 18 0 2.3689 0.05100437 2.3462 0.0000 
2023 3 19 0 2.4578 0.05292929 2.4356 0.0000 
2023 3 20 0 2.5460 0.05483583 2.5240 0.0000 
2023 3 21 0 2.6315 0.05668725 2.6101 0.0000 
2023 3 22 0 2.7140 0.05847456 2.6934 0.0000 
2023 3 23 0 2.7976 0.06027831 2.7767 0.0000 
2023 3 24 0 2.8878 0.06221487 2.8654 0.0000 
2023 3 25 0 2.9844 0.06428863 2.9604 0.0000 
2023 3 26 0 3.0783 0.06632108 3.0547 0.0000 
2023 3 27 0 3.1704 0.06831477 3.1473 0.0000 
2023 3 28 0 3.2553 0.07016185 3.2339 0.0000 
2023 3 29 0 3.3242 0.07167753 3.3066 0.0000 
2023 3 30 0 3.3871 0.07304825 3.3713 0.0000 
2023 3 31 0 3.4247 0.07390376 3.4148 0.0000 
2023 4 1 0 3.4172 0.07382356 3.4182 0.0000 
2023 4 2 0 3.3882 0.07323633 3.3950 0.0000 
2023 4 3 0 3.3299 0.07203022 3.3439 0.0000 
2023 4 4 0 3.2494 0.07033040 3.2690 0.0000 
2023 4 5 0 3.1664 0.06854436 3.1871 0.0000 
2023 4 6 0 3.0805 0.06669247 3.1019 0.0000 
2023 4 7 0 2.9927 0.06480058 3.0146 0.0000 
2023 4 8 0 2.9069 0.06294319 2.9284 0.0000 
2023 4 9 0 2.8244 0.06115656 2.8451 0.0000 
2023 4 10 0 2.7481 0.05949591 2.7673 0.0000 
2023 4 11 0 3.6043 0.07635764 3.4091 0.0000 
2023 4 12 0 12.2272 0.24897390 10.2293 0.0000 
2023 4 13 0 12.1830 0.26279939 12.0230 0.0000 
2023 4 14 0 12.1634 0.26276675 12.1638 0.0000 
2023 4 15 0 12.1399 0.26226369 12.1457 0.0000 
2023 4 16 0 12.1177 0.26178155 12.1232 0.0000 
2023 4 17 0 12.1047 0.26148444 12.1081 0.0000 
2023 4 18 0 12.1013 0.26139452 12.1023 0.0000 
2023 4 19 0 12.1060 0.26148168 12.1050 0.0000 
2023 4 20 0 12.1260 0.26188660 12.1213 0.0000 
2023 4 21 0 12.1671 0.26273549 12.1572 0.0000 
2023 4 22 0 12.2307 0.26406918 12.2152 0.0000 
2023 4 23 0 12.3620 0.26678670 12.3306 0.0000 
2023 4 24 0 12.4941 0.26963520 12.4611 0.0000 
2023 4 25 0 12.5932 0.27183276 12.5677 0.0000 
2023 4 26 0 12.6490 0.27311618 12.6342 0.0000 
2023 4 27 0 12.6598 0.27342956 12.6561 0.0000 
2023 4 28 0 12.6431 0.27311991 12.6467 0.0000 
2023 4 29 0 12.6097 0.27242786 12.6177 0.0000 
2023 4 30 0 12.5672 0.27152739 12.5776 0.0000 
2023 5 1 0 12.5213 0.27054182 12.5327 0.0000 
2023 5 2 0 12.4799 0.26964123 12.4904 0.0000 
2023 5 3 0 12.4462 0.26889903 12.4548 0.0000 
2023 5 4 0 12.4170 0.26825958 12.4244 0.0000 
2023 5 5 0 12.3786 0.26744637 12.3880 0.0000 
2023 5 6 0 12.3310 0.26643532 12.3427 0.0000 
2023 5 7 0 12.2873 0.26548506 12.2983 0.0000 
2023 5 8 0 12.2612 0.26489050 12.2681 0.0000 
2023 5 9 0 12.2925 0.26546540 12.2859 0.0000 
2023 5 10 0 12.4777 0.26919232 12.4345 0.0000 
2023 5 11 0 6.0240 0.14140401 7.5030 0.0000 
2023 5 12 0 3.7174 0.08465604 4.3742 0.0000 
2023 5 13 0 4.2182 0.09035295 4.1523 0.0000 
2023 5 14 0 4.7499 0.10164159 4.6192 0.0000 
2023 5 15 0 5.3505 0.11449345 5.2018 0.0000 
2023 5 16 0 6.0432 0.12929036 5.8719 0.0000 
2023 5 17 0 6.6867 0.14327228 6.5249 0.0000 
2023 5 18 0 7.2336 0.15525567 7.0949 0.0000 
2023 5 19 0 7.7117 0.16570854 7.5907 0.0000 
2023 5 20 0 8.1618 0.17548360 8.0487 0.0000 
2023 5 21 0 8.5721 0.18441699 8.4687 0.0000 
2023 5 22 0 8.9538 0.19271378 8.8578 0.0000 
2023 5 23 0 9.4153 0.20254427 9.3015 0.0000 
2023 5 24 0 9.8525 0.21202540 9.7427 0.0000 
2023 5 25 0 10.2384 0.22045118 10.1408 0.0000 
2023 5 26 0 10.5874 0.22805828 10.4994 0.0000 
2023 5 27 0 10.8806 0.23449004 10.8061 0.0000 
2023 5 28 0 11.0982 0.23932626 11.0423 0.0000 
2023 5 29 0 11.2316 0.24235882 11.1965 0.0000 
2023 5 30 0 11.2993 0.24394013 11.2810 0.0000 
2023 5 31 0 11.3128 0.24432947 11.3083 0.0000 
2023 6 1 0 11.2806 0.24371609 11.2877 0.0000 
2023 6 2 0 11.2037 0.24213639 11.2220 0.0000 
2023 6 3 0 11.0874 0.23969516 11.1157 0.0000 
2023 6 4 0 10.9398 0.23656336 10.9760 0.0000 
2023 6 5 0 10.7666 0.23286836 10.8093 0.0000 
2023 6 6 0 10.5707 0.22867928 10.6192 0.0000 
2023 6 7 0 10.3558 0.22407025 10.4091 0.0000 
2023 6 8 0 10.1253 0.21912032 10.1826 0.0000 
2023 6 9 0 9.8819 0.21388749 9.9425 0.0000 
2023 6 10 0 9.6285 0.20843107 9.6916 0.0000 
2023 6 11 0 9.3679 0.20281519 9.4329 0.0000 
2023 6 12 0 9.1023 0.19708669 9.1686 0.0000 
2023 6 13 0 8.8343 0.19130331 8.9012 0.0000 
2023 6 14 0 8.5652 0.18549274 8.6325 0.0000 
2023 6 15 0 8.2973 0.17970356 8.3643 0.0000 
2023 6 16 0 8.0324 0.17397584 8.0986 0.0000 
2023 6 17 0 7.7712 0.16832726 7.8365 0.0000 
2023 6 18 0 7.5147 0.16278017 7.5789 0.0000 
2023 6 19 0 7.2638 0.15734975 7.3266 0.0000 
2023 6 20 0 7.0202 0.15207474 7.0812 0.0000 
2023 6 21 0 6.7870 0.14701936 6.8455 0.0000 
2023 6 22 0 6.5850 0.14260177 6.6362 0.0000 
2023 6 23 0 6.3883 0.13834232 6.4376 0.0000 
2023 6 24 0 6.1942 0.13414527 6.2428 0.0000 
2023 6 25 0 6.0025 0.12999947 6.0505 0.0000 
2023 6 26 0 5.8150 0.12594152 5.8620 0.0000 
2023 6 27 0 5.6332 0.12200392 5.6787 0.0000 
2023 6 28 0 5.4557 0.11816217 5.5001 0.0000 
2023 6 29 0 5.2829 0.11442236 5.3262 0.0000 
2023 6 30 0 5.1178 0.11084246 5.1593 0.0000 
2023 7 1 0 4.9568 0.10735694 4.9971 0.0000 
2023 7 2 0 4.8023 0.10400846 4.8411 0.0000 
2023 7 3 0 4.6524 0.10076135 4.6900 0.0000 
2023 7 4 0 4.5131 0.09773464 4.5482 0.0000 
2023 7 5 0 4.3787 0.09482226 4.4124 0.0000 
2023 7 6 0 4.2527 0.09208504 4.2844 0.0000 
2023 7 7 0 4.1350 0.08952803 4.1646 0.0000 
2023 7 8 0 4.0327 0.08729052 4.0586 0.0000 
2023 7 9 0 3.9403 0.08527721 3.9636 0.0000 
2023 7 10 0 3.8535 0.08339188 3.8753 0.0000 
2023 7 11 0 3.7770 0.08172194 3.7964 0.0000 
2023 7 12 0 3.7220 0.08049566 3.7362 0.0000 
2023 7 13 0 3.6641 0.07924879 3.6785 0.0000 
2023 7 14 0 3.6016 0.07790633 3.6171 0.0000 
2023 7 15 0 3.5529 0.07683073 3.5653 0.0000 
2023 7 16 0 3.5669 0.07702290 3.5647 0.0000 
2023 7 17 0 3.6404 0.07850315 3.6233 0.0000 
2023 7 18 0 3.6981 0.07977424 3.6834 0.0000 
2023 7 19 0 13.1486 0.26746743 10.9762 0.0000 
2023 7 20 0 13.0642 0.28186118 12.8976 0.0000 
2023 7 21 0 12.9535 0.27999264 12.9751 0.0000 
2023 7 22 0 12.8225 0.27720029 12.8548 0.0000 
2023 7 23 0 12.6904 0.27434971 12.7234 0.0000 
2023 7 24 0 12.5562 0.27145579 12.5897 0.0000 
2023 7 25 0 12.4198 0.26851385 12.4539 0.0000 
2023 7 26 0 12.2845 0.26558877 12.3183 0.0000 
2023 7 27 0 12.1506 0.26269320 12.1841 0.0000 
2023 7 28 0 12.0172 0.25981105 12.0505 0.0000 
2023 7 29 0 11.8855 0.25696409 11.9185 0.0000 
2023 7 30 0 11.7583 0.25420806 11.7902 0.0000 
2023 7 31 0 11.6456 0.25174898 11.6741 0.0000 
2023 8 1 0 11.5303 0.24926185 11.5591 0.0000 
2023 8 2 0 11.4128 0.24672782 11.4421 0.0000 
2023 8 3 0 11.2968 0.24421952 11.3258 0.0000 
2023 8 4 0 11.1838 0.24177353 11.2121 0.0000 
2023 8 5 0 11.0749 0.23941388 11.1022 0.0000 
2023 8 6 0 10.9691 0.23712350 10.9956 0.0000 
2023 8 7 0 10.8667 0.23490622 10.8924 0.0000 
2023 8 8 0 10.7903 0.23320887 10.8099 0.0000 
2023 8 9 0 10.7196 0.23167112 10.7374 0.0000 
2023 8 10 0 10.6470 0.23010567 10.6651 0.0000 
2023 8 11 0 10.5777 0.22860228 10.5951 0.0000 
2023 8 12 0 10.5035 0.22700930 10.5220 0.0000 
2023 8 13 0 10.4276 0.22537220 10.4465 0.0000 
2023 8 14 0 10.3538 0.22377585 10.3723 0.0000 
2023 8 15 0 10.3223 0.22302126 10.3311 0.0000 
2023 8 16 0 10.3095 0.22271004 10.3131 0.0000 
2023 8 17 0 10.2834 0.22216709 10.2896 0.0000 
2023 8 18 0 10.2471 0.22140233 10.2560 0.0000 
2023 8 19 0 10.2091 0.22058531 10.2186 0.0000 
2023 8 20 0 10.2155 0.22064567 10.2148 0.0000 
2023 8 21 0 10.2002 0.22035090 10.2036 0.0000 
2023 8 22 0 10.1716 0.21975778 10.1785 0.0000 
2023 8 23 0 10.1354 0.21899018 10.1443 0.0000 
2023 8 24 0 10.0931 0.21808781 10.1036 0.0000 
2023 8 25 0 10.0660 0.21747587 10.0731 0.0000 
2023 8 26 0 10.0717 0.21754109 10.0710 0.0000 
2023 8 27 0 10.0824 0.21776079 10.0799 0.0000 
2023 8 28 0 10.0720 0.21757245 10.0742 0.0000 
2023 8 29 0 10.0485 0.21708888 10.0541 0.0000 
2023 8 30 0 10.0168 0.21641931 10.0245 0.0000 
2023 8 31 0 9.9812 0.21565770 9.9900 0.0000 
