POWERSTATION node 10 EASTER
init_Power = 0.00000
penstock_config = SHARED
headloss_coef = 0.145000
yyyy mm dd hh [m3/s]    [Euro/MWh]  [fr_g0] [m3/s] [m3/s] [Euro] [Euro] [m] [m] [MWh] [Euro] [Euro] [GWh/Mm3]
yyyy mm dd hh Up_Inflow Price Action_g0 tot_outflow auto_qmin income startstopCost Hnetto Hbrutto Power adjust_cost profit est_eekv
2022 9 1 0 0.0000 564.8800 0.0000 0.0000 0.0000 0.0000 0.0000 189.7219 189.7219 0.0000 0.0000 0.0000 0.0000
2022 9 2 0 0.0000 425.8500 0.0000 0.0000 0.0000 0.0000 0.0000 189.7446 189.7446 0.0000 0.0000 0.0000 0.0000
2022 9 3 0 0.0000 383.9200 0.0000 0.0000 0.0000 0.0000 0.0000 189.7645 189.7645 0.0000 0.0000 0.0000 0.0000
2022 9 4 0 6.1740 310.1000 0.6300 6.1740 0.0000 72833.5937 1.0000 184.2516 189.7788 234.8713 0.0000 72832.5937 0.4403
2022 9 5 0 7.8400 388.8400 0.8000 7.8400 0.0000 115881.5705 0.0000 180.9011 189.8136 298.0186 0.0000 115881.5705 0.4400
2022 9 6 0 7.8400 414.3500 0.8000 7.8400 0.0000 123531.3740 0.0000 180.9705 189.8830 298.1329 0.0000 123531.3740 0.4401
2022 9 7 0 7.8400 451.5300 0.8000 7.8400 0.0000 134674.5130 0.0000 181.0492 189.9617 298.2626 0.0000 134674.5130 0.4403
2022 9 8 0 7.8400 426.5600 0.8000 7.8400 0.0000 127281.8961 0.0000 181.1275 190.0400 298.3915 0.0000 127281.8961 0.4405
2022 9 9 0 7.8400 352.9300 0.8000 7.8400 0.0000 105356.1265 0.0000 181.2045 190.1170 298.5185 0.0000 105356.1265 0.4407
2022 9 10 0 7.8400 410.9400 0.8000 7.8400 0.0000 122724.6356 0.0000 181.2805 190.1930 298.6437 0.0000 122724.6356 0.4409
2022 9 11 0 7.8400 400.0100 0.8000 7.8400 0.0000 119509.9617 0.0000 181.3556 190.2682 298.7674 0.0000 119509.9617 0.4411
2022 9 12 0 7.8400 407.9500 0.8000 7.8400 0.0000 121941.0715 0.0000 181.4433 190.3558 298.9118 0.0000 121941.0715 0.4413
2022 9 13 0 7.8400 382.5800 0.8000 7.8400 0.0000 114459.6914 0.0000 181.6051 190.5177 299.1785 0.0000 114459.6914 0.4417
2022 9 14 0 7.8400 425.5000 0.8000 7.8400 0.0000 127435.4064 0.0000 181.7977 190.7102 299.4957 0.0000 127435.4064 0.4421
2022 9 15 0 7.8400 355.8200 0.8000 7.8400 0.0000 106654.8195 0.0000 181.9483 190.8608 299.7437 0.0000 106654.8195 0.4425
2022 9 16 0 7.8400 329.3900 0.8000 7.8400 0.0000 98804.1648 0.0000 182.0802 190.9927 299.9610 0.0000 98804.1648 0.4428
2022 9 17 0 7.8400 246.9600 0.8000 7.8400 0.0000 74126.4397 0.0000 182.1983 191.1108 300.1556 0.0000 74126.4397 0.4431
2022 9 18 0 7.8400 117.5900 0.8000 7.8400 0.0000 35316.0006 0.0000 182.3052 191.2177 300.3317 0.0000 35316.0006 0.4434
2022 9 19 0 7.8400 288.3300 0.8000 7.8400 0.0000 86641.3632 0.0000 182.4036 191.3161 300.4938 0.0000 86641.3632 0.4436
2022 9 20 0 7.8400 380.8200 0.8000 7.8400 0.0000 114492.5565 0.0000 182.4968 191.4093 300.6474 0.0000 114492.5565 0.4438
2022 9 21 0 7.8400 388.8300 0.8000 7.8400 0.0000 116958.6786 0.0000 182.5873 191.4998 300.7964 0.0000 116958.6786 0.4441
2022 9 22 0 7.8400 378.9000 0.8000 7.8400 0.0000 114026.9141 0.0000 182.6756 191.5881 300.9420 0.0000 114026.9141 0.4443
2022 9 23 0 7.8400 359.9800 0.8000 7.8400 0.0000 108385.5900 0.0000 182.7641 191.6767 301.0878 0.0000 108385.5900 0.4445
2022 9 24 0 7.8400 350.7100 0.8000 7.8400 0.0000 105646.9659 0.0000 182.8550 191.7675 301.2374 0.0000 105646.9659 0.4447
2022 9 25 0 7.8400 299.0800 0.8000 7.8400 0.0000 90139.4275 0.0000 182.9470 191.8595 301.3890 0.0000 90139.4275 0.4449
2022 9 26 0 7.8400 259.4000 0.8000 7.8400 0.0000 78232.0792 0.0000 183.0681 191.9806 301.5886 0.0000 78232.0792 0.4452
2022 9 27 0 7.8400 306.8900 0.8000 7.8400 0.0000 92652.0536 0.0000 183.2610 192.1735 301.9064 0.0000 92652.0536 0.4457
2022 9 28 0 7.8400 308.5200 0.8000 7.8400 0.0000 93321.6898 0.0000 183.6103 192.5228 302.4818 0.0000 93321.6898 0.4465
2022 9 29 0 7.8400 347.1000 0.8000 7.8400 0.0000 105222.0339 0.0000 184.0136 192.9261 303.1462 0.0000 105222.0339 0.4475
2022 9 30 0 7.8400 278.9700 0.8000 7.8400 0.0000 84710.5784 0.0000 184.3223 193.2349 303.6548 0.0000 84710.5784 0.4483
2022 10 1 0 7.8400 90.2400 0.8000 7.8400 0.0000 27461.3904 0.0000 184.7231 193.6356 304.3151 0.0000 27461.3904 0.4493
2022 10 2 0 7.8400 182.7200 0.8000 7.8400 0.0000 55759.0084 0.0000 185.2366 194.1491 305.1609 0.0000 55759.0084 0.4505
2022 10 3 0 7.8400 234.6000 0.8000 7.8400 0.0000 71761.3321 0.0000 185.6779 194.5905 305.8880 0.0000 71761.3321 0.4516
2022 10 4 0 7.8400 199.0100 0.8000 7.8400 0.0000 60987.4737 0.0000 186.0217 194.9342 306.4543 0.0000 60987.4737 0.4524
2022 10 5 0 7.8400 51.1100 0.8000 7.8400 0.0000 15687.4168 0.0000 186.3131 195.2256 306.9344 0.0000 15687.4168 0.4531
2022 10 6 0 7.8400 23.8700 0.8000 7.8400 0.0000 7338.6051 0.0000 186.6203 195.5328 307.4405 0.0000 7338.6051 0.4539
2022 10 7 0 7.8400 30.2900 0.8000 7.8400 0.0000 9329.9935 0.0000 186.9734 195.8859 308.0222 0.0000 9329.9935 0.4547
2022 10 8 0 7.8400 53.3800 0.8000 7.8400 0.0000 16476.1229 0.0000 187.3589 196.2714 308.6572 0.0000 16476.1229 0.4557
2022 10 9 0 7.8400 91.9400 0.8000 7.8400 0.0000 28433.1364 0.0000 187.7233 196.6358 309.2575 0.0000 28433.1364 0.4566
2022 10 10 0 7.8400 137.7100 0.8000 7.8400 0.0000 42658.7738 0.0000 188.0359 196.9484 309.7725 0.0000 42658.7738 0.4573
2022 10 11 0 7.8400 174.3200 0.8000 7.8400 0.0000 54084.3943 0.0000 188.3313 197.2438 310.2592 0.0000 54084.3943 0.4580
2022 10 12 0 7.8400 199.9900 0.8000 7.8400 0.0000 62139.1506 0.0000 188.6057 197.5182 310.7113 0.0000 62139.1506 0.4587
2022 10 13 0 7.8400 233.6000 0.8000 7.8400 0.0000 72677.8207 0.0000 188.8543 197.7668 311.1208 0.0000 72677.8207 0.4593
2022 10 14 0 7.8400 217.2400 0.8000 7.8400 0.0000 67671.1200 0.0000 189.0869 197.9994 311.5040 0.0000 67671.1200 0.4599
2022 10 15 0 7.8400 154.6600 0.8000 7.8400 0.0000 48251.9823 0.0000 189.3804 198.2929 311.9875 0.0000 48251.9823 0.4606
2022 10 16 0 7.8400 113.2100 0.8000 7.8400 0.0000 35394.3950 0.0000 189.7787 198.6912 312.6437 0.0000 35394.3950 0.4616
2022 10 17 0 7.8400 146.2200 0.8000 7.8400 0.0000 45816.7418 0.0000 190.2021 199.1146 313.3411 0.0000 45816.7418 0.4626
2022 10 18 0 7.8400 163.8200 0.8000 7.8400 0.0000 51440.9066 0.0000 190.6073 199.5198 314.0087 0.0000 51440.9066 0.4636
2022 10 19 0 7.8400 159.7000 0.8000 7.8400 0.0000 50245.2021 0.0000 190.9798 199.8924 314.6224 0.0000 50245.2021 0.4645
2022 10 20 0 7.8400 142.1100 0.8000 7.8400 0.0000 44786.3216 0.0000 191.3016 200.2141 315.1525 0.0000 44786.3216 0.4653
2022 10 21 0 7.8400 157.4800 0.8000 7.8400 0.0000 49701.4001 0.0000 191.5760 200.4885 315.6045 0.0000 49701.4001 0.4659
2022 10 22 0 7.8400 142.0700 0.8000 7.8400 0.0000 44894.0159 0.0000 191.8156 200.7281 315.9993 0.0000 44894.0159 0.4665
2022 10 23 0 7.8400 99.6700 0.8000 7.8400 0.0000 31530.8567 0.0000 192.0300 200.9425 316.3525 0.0000 31530.8567 0.4670
2022 10 24 0 7.8400 85.2000 0.8000 7.8400 0.0000 26982.3034 0.0000 192.2371 201.1496 316.6937 0.0000 26982.3034 0.4675
2022 10 25 0 7.8400 110.5100 0.8000 7.8400 0.0000 35041.0272 0.0000 192.4744 201.3870 317.0847 0.0000 35041.0272 0.4681
2022 10 26 0 7.8400 121.4900 0.8000 7.8400 0.0000 38573.2507 0.0000 192.7274 201.6399 317.5015 0.0000 38573.2507 0.4687
2022 10 27 0 7.8400 117.6600 0.8000 7.8400 0.0000 37403.2216 0.0000 192.9648 201.8773 317.8924 0.0000 37403.2216 0.4693
2022 10 28 0 7.8400 103.2200 0.8000 7.8400 0.0000 32850.8481 0.0000 193.1882 202.1007 318.2605 0.0000 32850.8481 0.4698
2022 10 29 0 7.8400 101.6200 0.8000 7.8400 0.0000 32378.2982 0.0000 193.4072 202.3197 318.6213 0.0000 32378.2982 0.4704
2022 10 30 0 7.8400 117.9300 0.8000 7.8400 0.0000 37616.4517 0.0000 193.6205 202.5330 318.9727 0.0000 37616.4517 0.4709
2022 10 31 0 7.8400 144.1300 0.8000 7.8400 0.0000 46019.8422 0.0000 193.8155 202.7280 319.2940 0.0000 46019.8422 0.4714
2022 11 1 0 7.8400 72.4900 0.8000 7.8400 0.0000 23168.8691 0.0000 194.0102 202.9227 319.6147 0.0000 23168.8691 0.4718
2022 11 2 0 7.8400 71.1700 0.8000 7.8400 0.0000 22777.1766 0.0000 194.2678 203.1803 320.0390 0.0000 22777.1766 0.4725
2022 11 3 0 7.8400 86.5000 0.8000 7.8400 0.0000 27745.4246 0.0000 194.7032 203.6157 320.7564 0.0000 27745.4246 0.4735
2022 11 4 0 7.8400 72.6700 0.8000 7.8400 0.0000 23384.7408 0.0000 195.3328 204.2453 321.7936 0.0000 23384.7408 0.4751
2022 11 5 0 7.8400 47.6500 0.8000 7.8400 0.0000 15386.9518 0.0000 196.0142 204.9267 322.9161 0.0000 15386.9518 0.4767
2022 11 6 0 7.8400 35.7500 0.8000 7.8400 0.0000 11578.1615 0.0000 196.5900 205.5025 323.8647 0.0000 11578.1615 0.4781
2022 11 7 0 7.8400 43.8300 0.8000 7.8400 0.0000 14236.4728 0.0000 197.1645 206.0770 324.8111 0.0000 14236.4728 0.4795
2022 11 8 0 7.8400 51.0900 0.8000 7.8400 0.0000 16646.5749 0.0000 197.7820 206.6945 325.8284 0.0000 16646.5749 0.4810
2022 11 9 0 7.8400 42.5700 0.8000 7.8400 0.0000 13914.7208 0.0000 198.4123 207.3249 326.8668 0.0000 13914.7208 0.4825
2022 11 10 0 7.8400 27.4000 0.8000 7.8400 0.0000 8983.7016 0.0000 199.0227 207.9352 327.8723 0.0000 8983.7016 0.4840
2022 11 11 0 7.8400 2.0000 0.8000 7.8400 0.0000 657.3538 0.0000 199.5111 208.4236 328.6769 0.0000 657.3538 0.4852
2022 11 12 0 7.8400 2.3700 0.8000 7.8400 0.0000 780.5343 0.0000 199.9132 208.8257 329.3394 0.0000 780.5343 0.4862
2022 11 13 0 7.8400 29.9300 0.8000 7.8400 0.0000 9873.6483 0.0000 200.2483 209.1608 329.8914 0.0000 9873.6483 0.4870
2022 11 14 0 7.8400 53.6800 0.8000 7.8400 0.0000 17733.6546 0.0000 200.5319 209.4445 330.3587 0.0000 17733.6546 0.4877
2022 11 15 0 7.8400 53.7500 0.8000 7.8400 0.0000 17778.8096 0.0000 200.7807 209.6932 330.7686 0.0000 17778.8096 0.4883
2022 11 16 0 7.8400 27.6900 0.8000 7.8400 0.0000 9170.1917 0.0000 201.0265 209.9390 331.1734 0.0000 9170.1917 0.4889
2022 11 17 0 7.8400 48.9100 0.8000 7.8400 0.0000 16217.6116 0.0000 201.2737 210.1862 331.5807 0.0000 16217.6116 0.4895
2022 11 18 0 7.8400 113.7000 0.8000 7.8400 0.0000 37743.1820 0.0000 201.5004 210.4129 331.9541 0.0000 37743.1820 0.4901
2022 11 19 0 7.8400 167.1000 0.8000 7.8400 0.0000 55526.0383 0.0000 201.7056 210.6182 332.2923 0.0000 55526.0383 0.4906
2022 11 20 0 7.8400 162.8400 0.8000 7.8400 0.0000 54161.3265 0.0000 201.8952 210.8077 332.6046 0.0000 54161.3265 0.4910
2022 11 21 0 7.8400 209.5500 0.8000 7.8400 0.0000 69758.4328 0.0000 202.0723 210.9849 332.8964 0.0000 69758.4328 0.4914
2022 11 22 0 7.8400 174.4300 0.8000 7.8400 0.0000 58115.1272 0.0000 202.2394 211.1520 333.1716 0.0000 58115.1272 0.4919
2022 11 23 0 7.8400 149.8400 0.8000 7.8400 0.0000 49962.4713 0.0000 202.4016 211.3141 333.4388 0.0000 49962.4713 0.4923
2022 11 24 0 7.8400 172.1800 0.8000 7.8400 0.0000 57462.0116 0.0000 202.5797 211.4922 333.7322 0.0000 57462.0116 0.4927
2022 11 25 0 7.8400 200.3300 0.8000 7.8400 0.0000 66944.6171 0.0000 202.8465 211.7590 334.1717 0.0000 66944.6171 0.4933
2022 11 26 0 7.8400 196.0200 0.8000 7.8400 0.0000 65629.6768 0.0000 203.2346 212.1471 334.8111 0.0000 65629.6768 0.4943
2022 11 27 0 7.8400 146.0400 0.8000 7.8400 0.0000 49001.8260 0.0000 203.6753 212.5878 335.5370 0.0000 49001.8260 0.4953
2022 11 28 0 7.8400 195.3000 0.8000 7.8400 0.0000 65711.9252 0.0000 204.2395 213.1520 336.4666 0.0000 65711.9252 0.4967
2022 11 29 0 7.8400 362.5600 0.8000 7.8400 0.0000 122344.0563 0.0000 204.8334 213.7459 337.4450 0.0000 122344.0563 0.4982
2022 11 30 0 7.8400 364.6000 0.8000 7.8400 0.0000 123294.4668 0.0000 205.2697 214.1822 338.1636 0.0000 123294.4668 0.4992
2022 12 1 0 7.8400 349.6500 0.8000 7.8400 0.0000 118432.7167 0.0000 205.6061 214.5186 338.7179 0.0000 118432.7167 0.5000
2022 12 2 0 7.8400 324.9900 0.8000 7.8400 0.0000 110232.9799 0.0000 205.8920 214.8045 339.1888 0.0000 110232.9799 0.5007
2022 12 3 0 7.8400 268.8200 0.8000 7.8400 0.0000 91253.7095 0.0000 206.0567 214.9692 339.4603 0.0000 91253.7095 0.5011
2022 12 4 0 7.8400 271.5000 0.8000 7.8400 0.0000 92177.2245 0.0000 206.0875 215.0000 339.5110 0.0000 92177.2245 0.5012
2022 12 5 0 7.8400 290.7800 0.8000 7.8400 0.0000 98722.9953 0.0000 206.0875 215.0000 339.5110 0.0000 98722.9953 0.5012
2022 12 6 0 7.8400 346.8000 0.8000 7.8400 0.0000 117742.3953 0.0000 206.0875 215.0000 339.5110 0.0000 117742.3953 0.5012
2022 12 7 0 7.8400 334.1100 0.8000 7.8400 0.0000 113434.0004 0.0000 206.0875 215.0000 339.5110 0.0000 113434.0004 0.5012
2022 12 8 0 7.8400 399.0300 0.8000 7.8400 0.0000 135475.0562 0.0000 206.0875 215.0000 339.5110 0.0000 135475.0562 0.5012
2022 12 9 0 7.8400 418.6900 0.8000 7.8400 0.0000 142149.8429 0.0000 206.0875 215.0000 339.5110 0.0000 142149.8429 0.5012
2022 12 10 0 7.8400 362.9800 0.8000 7.8400 0.0000 123235.6904 0.0000 206.0875 215.0000 339.5110 0.0000 123235.6904 0.5012
2022 12 11 0 7.8400 338.6100 0.8000 7.8400 0.0000 114961.7997 0.0000 206.0875 215.0000 339.5110 0.0000 114961.7997 0.5012
2022 12 12 0 7.8400 446.1100 0.8000 7.8400 0.0000 151459.2275 0.0000 206.0875 215.0000 339.5110 0.0000 151459.2275 0.5012
2022 12 13 0 7.8400 458.6300 0.8000 7.8400 0.0000 155709.9113 0.0000 206.0875 215.0000 339.5110 0.0000 155709.9113 0.5012
2022 12 14 0 7.8400 451.4100 0.8000 7.8400 0.0000 153258.6418 0.0000 206.0875 215.0000 339.5110 0.0000 153258.6418 0.5012
2022 12 15 0 7.8400 396.6100 0.8000 7.8400 0.0000 134653.4352 0.0000 206.0875 215.0000 339.5110 0.0000 134653.4352 0.5012
2022 12 16 0 7.8400 413.8400 0.8000 7.8400 0.0000 140503.2127 0.0000 206.0875 215.0000 339.5110 0.0000 140503.2127 0.5012
2022 12 17 0 7.8400 254.6500 0.8000 7.8400 0.0000 86456.4628 0.0000 206.0875 215.0000 339.5110 0.0000 86456.4628 0.5012
2022 12 18 0 7.8400 206.4000 0.8000 7.8400 0.0000 70075.0592 0.0000 206.0875 215.0000 339.5110 0.0000 70075.0592 0.5012
2022 12 19 0 7.8400 211.4800 0.8000 7.8400 0.0000 71799.7755 0.0000 206.0875 215.0000 339.5110 0.0000 71799.7755 0.5012
2022 12 20 0 7.8400 205.2500 0.8000 7.8400 0.0000 69684.6237 0.0000 206.0875 215.0000 339.5110 0.0000 69684.6237 0.5012
2022 12 21 0 7.8400 223.3000 0.8000 7.8400 0.0000 75812.7974 0.0000 206.0875 215.0000 339.5110 0.0000 75812.7974 0.5012
2022 12 22 0 7.8400 201.9700 0.8000 7.8400 0.0000 68571.0281 0.0000 206.0875 215.0000 339.5110 0.0000 68571.0281 0.5012
2022 12 23 0 7.8400 193.2900 0.8000 7.8400 0.0000 65624.0704 0.0000 206.0875 215.0000 339.5110 0.0000 65624.0704 0.5012
2022 12 24 0 7.8400 142.3700 0.8000 7.8400 0.0000 48336.1731 0.0000 206.0875 215.0000 339.5110 0.0000 48336.1731 0.5012
2022 12 25 0 7.8400 129.4400 0.8000 7.8400 0.0000 43946.2989 0.0000 206.0875 215.0000 339.5110 0.0000 43946.2989 0.5012
2022 12 26 0 7.8400 111.7200 0.8000 7.8400 0.0000 37930.1644 0.0000 206.0875 215.0000 339.5110 0.0000 37930.1644 0.5012
2022 12 27 0 7.8400 141.3500 0.8000 7.8400 0.0000 47989.8757 0.0000 206.0875 215.0000 339.5110 0.0000 47989.8757 0.5012
2022 12 28 0 7.8400 122.1300 0.8000 7.8400 0.0000 41464.4721 0.0000 206.0875 215.0000 339.5110 0.0000 41464.4721 0.5012
2022 12 29 0 7.8400 96.2800 0.8000 7.8400 0.0000 32688.1144 0.0000 206.0875 215.0000 339.5110 0.0000 32688.1144 0.5012
2022 12 30 0 7.8400 100.4100 0.8000 7.8400 0.0000 34090.2963 0.0000 206.0875 215.0000 339.5110 0.0000 34090.2963 0.5012
2022 12 31 0 7.8400 116.2200 0.8000 7.8400 0.0000 39457.9637 0.0000 206.0875 215.0000 339.5110 0.0000 39457.9637 0.5012
2023 1 1 0 7.8400 112.5700 0.8000 7.8400 0.0000 38218.7482 0.0000 206.0875 215.0000 339.5110 0.0000 38218.7482 0.5012
2023 1 2 0 7.8400 149.2600 0.8000 7.8400 0.0000 50675.4034 0.0000 206.0875 215.0000 339.5110 0.0000 50675.4034 0.5012
2023 1 3 0 7.8400 154.5400 0.8000 7.8400 0.0000 52468.0208 0.0000 206.0875 215.0000 339.5110 0.0000 52468.0208 0.5012
2023 1 4 0 7.8400 114.6400 0.8000 7.8400 0.0000 38921.5358 0.0000 206.0875 215.0000 339.5110 0.0000 38921.5358 0.5012
2023 1 5 0 7.8400 144.1600 0.8000 7.8400 0.0000 48943.9006 0.0000 206.0875 215.0000 339.5110 0.0000 48943.9006 0.5012
2023 1 6 0 7.8400 126.0400 0.8000 7.8400 0.0000 42791.9612 0.0000 206.0875 215.0000 339.5110 0.0000 42791.9612 0.5012
2023 1 7 0 7.8400 102.5400 0.8000 7.8400 0.0000 34813.4537 0.0000 206.0875 215.0000 339.5110 0.0000 34813.4537 0.5012
2023 1 8 0 7.8400 75.8000 0.8000 7.8400 0.0000 25734.9315 0.0000 206.0875 215.0000 339.5110 0.0000 25734.9315 0.5012
2023 1 9 0 7.8400 133.2800 0.8000 7.8400 0.0000 45250.0198 0.0000 206.0875 215.0000 339.5110 0.0000 45250.0198 0.5012
2023 1 10 0 7.8400 130.4400 0.8000 7.8400 0.0000 44285.8099 0.0000 206.0875 215.0000 339.5110 0.0000 44285.8099 0.5012
2023 1 11 0 7.8400 96.6800 0.8000 7.8400 0.0000 32823.9193 0.0000 206.0875 215.0000 339.5110 0.0000 32823.9193 0.5012
2023 1 12 0 7.8400 89.9500 0.8000 7.8400 0.0000 30539.0094 0.0000 206.0875 215.0000 339.5110 0.0000 30539.0094 0.5012
2023 1 13 0 7.8400 82.8000 0.8000 7.8400 0.0000 28111.5082 0.0000 206.0875 215.0000 339.5110 0.0000 28111.5082 0.5012
2023 1 14 0 7.8400 94.7100 0.8000 7.8400 0.0000 32155.0823 0.0000 206.0875 215.0000 339.5110 0.0000 32155.0823 0.5012
2023 1 15 0 7.8400 70.7800 0.8000 7.8400 0.0000 24030.5850 0.0000 206.0875 215.0000 339.5110 0.0000 24030.5850 0.5012
2023 1 16 0 7.8400 139.7600 0.8000 7.8400 0.0000 47450.0493 0.0000 206.0875 215.0000 339.5110 0.0000 47450.0493 0.5012
2023 1 17 0 7.8400 134.1900 0.8000 7.8400 0.0000 45558.9760 0.0000 206.0875 215.0000 339.5110 0.0000 45558.9760 0.5012
2023 1 18 0 7.8400 138.3800 0.8000 7.8400 0.0000 46981.5277 0.0000 206.0875 215.0000 339.5110 0.0000 46981.5277 0.5012
2023 1 19 0 7.8400 148.5600 0.8000 7.8400 0.0000 50437.7468 0.0000 206.0875 215.0000 339.5110 0.0000 50437.7468 0.5012
2023 1 20 0 7.8400 162.5000 0.8000 7.8400 0.0000 55170.5303 0.0000 206.0875 215.0000 339.5110 0.0000 55170.5303 0.5012
2023 1 21 0 7.8400 150.1900 0.8000 7.8400 0.0000 50991.1513 0.0000 206.0875 215.0000 339.5110 0.0000 50991.1513 0.5012
2023 1 22 0 7.8400 151.8000 0.8000 7.8400 0.0000 51537.7641 0.0000 206.0875 215.0000 339.5110 0.0000 51537.7641 0.5012
2023 1 23 0 7.8400 197.7300 0.8000 7.8400 0.0000 67131.4998 0.0000 206.0875 215.0000 339.5110 0.0000 67131.4998 0.5012
2023 1 24 0 7.8400 184.5400 0.8000 7.8400 0.0000 62653.3495 0.0000 206.0875 215.0000 339.5110 0.0000 62653.3495 0.5012
2023 1 25 0 7.8400 137.5700 0.8000 7.8400 0.0000 46706.5247 0.0000 206.0875 215.0000 339.5110 0.0000 46706.5247 0.5012
2023 1 26 0 7.8400 132.3800 0.8000 7.8400 0.0000 44944.4620 0.0000 206.0875 215.0000 339.5110 0.0000 44944.4620 0.5012
2023 1 27 0 4.2140 154.0500 0.4300 4.2140 0.0000 24935.1845 0.0000 212.4251 215.0000 161.8642 0.0000 24935.1845 0.4446
2023 1 28 0 0.0000 116.8100 0.0000 0.0000 0.0000 0.0000 1.0000 215.0000 215.0000 0.0000 0.0000 -1.0000 0.0000
2023 1 29 0 0.0000 102.3700 0.0000 0.0000 0.0000 0.0000 0.0000 215.0000 215.0000 0.0000 0.0000 0.0000 0.0000
2023 1 30 0 0.0000 90.0000 0.0000 0.0000 0.0000 0.0000 0.0000 215.0000 215.0000 0.0000 0.0000 0.0000 0.0000
2023 1 31 0 0.0000 105.1200 0.0000 0.0000 0.0000 0.0000 0.0000 215.0000 215.0000 0.0000 0.0000 0.0000 0.0000
2023 2 1 0 0.0000 103.8300 0.0000 0.0000 0.0000 0.0000 0.0000 215.0000 215.0000 0.0000 0.0000 0.0000 0.0000
2023 2 2 0 0.0000 145.2800 0.0000 0.0000 0.0000 0.0000 0.0000 215.0000 215.0000 0.0000 0.0000 0.0000 0.0000
2023 2 3 0 0.0000 113.1000 0.0000 0.0000 0.0000 0.0000 0.0000 215.0000 215.0000 0.0000 0.0000 0.0000 0.0000
2023 2 4 0 0.0000 138.8200 0.0000 0.0000 0.0000 0.0000 0.0000 215.0000 215.0000 0.0000 0.0000 0.0000 0.0000
2023 2 5 0 0.0000 122.8300 0.0000 0.0000 0.0000 0.0000 0.0000 215.0000 215.0000 0.0000 0.0000 0.0000 0.0000
2023 2 6 0 0.0000 161.3800 0.0000 0.0000 0.0000 0.0000 0.0000 215.0000 215.0000 0.0000 0.0000 0.0000 0.0000
2023 2 7 0 0.0000 132.4500 0.0000 0.0000 0.0000 0.0000 0.0000 215.0000 215.0000 0.0000 0.0000 0.0000 0.0000
2023 2 8 0 0.0000 120.3300 0.0000 0.0000 0.0000 0.0000 0.0000 215.0000 215.0000 0.0000 0.0000 0.0000 0.0000
2023 2 9 0 0.0000 98.3400 0.0000 0.0000 0.0000 0.0000 0.0000 215.0000 215.0000 0.0000 0.0000 0.0000 0.0000
2023 2 10 0 0.0000 97.5400 0.0000 0.0000 0.0000 0.0000 0.0000 215.0000 215.0000 0.0000 0.0000 0.0000 0.0000
2023 2 11 0 0.0000 94.6300 0.0000 0.0000 0.0000 0.0000 0.0000 215.0000 215.0000 0.0000 0.0000 0.0000 0.0000
2023 2 12 0 0.0000 111.6200 0.0000 0.0000 0.0000 0.0000 0.0000 215.0000 215.0000 0.0000 0.0000 0.0000 0.0000
2023 2 13 0 0.0000 115.7800 0.0000 0.0000 0.0000 0.0000 0.0000 215.0000 215.0000 0.0000 0.0000 0.0000 0.0000
2023 2 14 0 0.0000 140.8300 0.0000 0.0000 0.0000 0.0000 0.0000 215.0000 215.0000 0.0000 0.0000 0.0000 0.0000
2023 2 15 0 0.0000 122.5300 0.0000 0.0000 0.0000 0.0000 0.0000 215.0000 215.0000 0.0000 0.0000 0.0000 0.0000
2023 2 16 0 0.0000 120.9800 0.0000 0.0000 0.0000 0.0000 0.0000 215.0000 215.0000 0.0000 0.0000 0.0000 0.0000
2023 2 17 0 0.0000 92.1200 0.0000 0.0000 0.0000 0.0000 0.0000 215.0000 215.0000 0.0000 0.0000 0.0000 0.0000
2023 2 18 0 0.0000 97.8800 0.0000 0.0000 0.0000 0.0000 0.0000 215.0000 215.0000 0.0000 0.0000 0.0000 0.0000
2023 2 19 0 0.0000 107.6300 0.0000 0.0000 0.0000 0.0000 0.0000 215.0000 215.0000 0.0000 0.0000 0.0000 0.0000
2023 2 20 0 0.0000 77.5600 0.0000 0.0000 0.0000 0.0000 0.0000 215.0000 215.0000 0.0000 0.0000 0.0000 0.0000
2023 2 21 0 0.0000 106.7100 0.0000 0.0000 0.0000 0.0000 0.0000 215.0000 215.0000 0.0000 0.0000 0.0000 0.0000
2023 2 22 0 0.0000 118.3800 0.0000 0.0000 0.0000 0.0000 0.0000 215.0000 215.0000 0.0000 0.0000 0.0000 0.0000
2023 2 23 0 0.0000 116.1600 0.0000 0.0000 0.0000 0.0000 0.0000 215.0000 215.0000 0.0000 0.0000 0.0000 0.0000
2023 2 24 0 0.0000 103.8000 0.0000 0.0000 0.0000 0.0000 0.0000 215.0000 215.0000 0.0000 0.0000 0.0000 0.0000
2023 2 25 0 0.0000 97.6000 0.0000 0.0000 0.0000 0.0000 0.0000 215.0000 215.0000 0.0000 0.0000 0.0000 0.0000
2023 2 26 0 0.0000 111.9200 0.0000 0.0000 0.0000 0.0000 0.0000 215.0000 215.0000 0.0000 0.0000 0.0000 0.0000
2023 2 27 0 0.0000 124.5700 0.0000 0.0000 0.0000 0.0000 0.0000 215.0000 215.0000 0.0000 0.0000 0.0000 0.0000
2023 2 28 0 0.0000 124.0900 0.0000 0.0000 0.0000 0.0000 0.0000 215.0000 215.0000 0.0000 0.0000 0.0000 0.0000
2023 3 1 0 0.0000 130.8400 0.0000 0.0000 0.0000 0.0000 0.0000 215.0000 215.0000 0.0000 0.0000 0.0000 0.0000
2023 3 2 0 0.0000 120.4000 0.0000 0.0000 0.0000 0.0000 0.0000 215.0000 215.0000 0.0000 0.0000 0.0000 0.0000
2023 3 3 0 0.0000 115.5800 0.0000 0.0000 0.0000 0.0000 0.0000 215.0000 215.0000 0.0000 0.0000 0.0000 0.0000
2023 3 4 0 0.0000 112.2200 0.0000 0.0000 0.0000 0.0000 0.0000 215.0000 215.0000 0.0000 0.0000 0.0000 0.0000
2023 3 5 0 0.0000 129.9600 0.0000 0.0000 0.0000 0.0000 0.0000 215.0000 215.0000 0.0000 0.0000 0.0000 0.0000
2023 3 6 0 0.0000 153.1300 0.0000 0.0000 0.0000 0.0000 0.0000 215.0000 215.0000 0.0000 0.0000 0.0000 0.0000
2023 3 7 0 0.0000 116.0800 0.0000 0.0000 0.0000 0.0000 0.0000 215.0000 215.0000 0.0000 0.0000 0.0000 0.0000
2023 3 8 0 0.0000 150.8300 0.0000 0.0000 0.0000 0.0000 0.0000 215.0000 215.0000 0.0000 0.0000 0.0000 0.0000
2023 3 9 0 0.0000 138.5100 0.0000 0.0000 0.0000 0.0000 0.0000 215.0000 215.0000 0.0000 0.0000 0.0000 0.0000
2023 3 10 0 0.0000 127.3700 0.0000 0.0000 0.0000 0.0000 0.0000 215.0000 215.0000 0.0000 0.0000 0.0000 0.0000
2023 3 11 0 0.0000 110.5300 0.0000 0.0000 0.0000 0.0000 0.0000 215.0000 215.0000 0.0000 0.0000 0.0000 0.0000
2023 3 12 0 0.0000 106.8200 0.0000 0.0000 0.0000 0.0000 0.0000 215.0000 215.0000 0.0000 0.0000 0.0000 0.0000
2023 3 13 0 0.0000 94.6800 0.0000 0.0000 0.0000 0.0000 0.0000 215.0000 215.0000 0.0000 0.0000 0.0000 0.0000
2023 3 14 0 0.0000 102.8300 0.0000 0.0000 0.0000 0.0000 0.0000 215.0000 215.0000 0.0000 0.0000 0.0000 0.0000
2023 3 15 0 0.0000 121.6400 0.0000 0.0000 0.0000 0.0000 0.0000 215.0000 215.0000 0.0000 0.0000 0.0000 0.0000
2023 3 16 0 0.0000 112.8100 0.0000 0.0000 0.0000 0.0000 0.0000 215.0000 215.0000 0.0000 0.0000 0.0000 0.0000
2023 3 17 0 0.0000 104.1500 0.0000 0.0000 0.0000 0.0000 0.0000 215.0000 215.0000 0.0000 0.0000 0.0000 0.0000
2023 3 18 0 0.0000 109.0000 0.0000 0.0000 0.0000 0.0000 0.0000 215.0000 215.0000 0.0000 0.0000 0.0000 0.0000
2023 3 19 0 0.0000 110.0900 0.0000 0.0000 0.0000 0.0000 0.0000 215.0000 215.0000 0.0000 0.0000 0.0000 0.0000
2023 3 20 0 0.0000 116.7600 0.0000 0.0000 0.0000 0.0000 0.0000 215.0000 215.0000 0.0000 0.0000 0.0000 0.0000
2023 3 21 0 0.0000 111.3100 0.0000 0.0000 0.0000 0.0000 0.0000 215.0000 215.0000 0.0000 0.0000 0.0000 0.0000
2023 3 22 0 0.0000 92.3600 0.0000 0.0000 0.0000 0.0000 0.0000 215.0000 215.0000 0.0000 0.0000 0.0000 0.0000
2023 3 23 0 0.0000 86.1100 0.0000 0.0000 0.0000 0.0000 0.0000 215.0000 215.0000 0.0000 0.0000 0.0000 0.0000
2023 3 24 0 0.0000 83.8300 0.0000 0.0000 0.0000 0.0000 0.0000 215.0000 215.0000 0.0000 0.0000 0.0000 0.0000
2023 3 25 0 0.0000 73.3600 0.0000 0.0000 0.0000 0.0000 0.0000 215.0000 215.0000 0.0000 0.0000 0.0000 0.0000
2023 3 26 0 0.0000 92.4600 0.0000 0.0000 0.0000 0.0000 0.0000 215.0000 215.0000 0.0000 0.0000 0.0000 0.0000
2023 3 27 0 0.0000 100.9400 0.0000 0.0000 0.0000 0.0000 0.0000 215.0000 215.0000 0.0000 0.0000 0.0000 0.0000
2023 3 28 0 0.0000 123.8500 0.0000 0.0000 0.0000 0.0000 0.0000 215.0000 215.0000 0.0000 0.0000 0.0000 0.0000
2023 3 29 0 0.0000 127.0200 0.0000 0.0000 0.0000 0.0000 0.0000 215.0000 215.0000 0.0000 0.0000 0.0000 0.0000
2023 3 30 0 0.0000 103.7800 0.0000 0.0000 0.0000 0.0000 0.0000 215.0000 215.0000 0.0000 0.0000 0.0000 0.0000
2023 3 31 0 0.0000 111.8200 0.0000 0.0000 0.0000 0.0000 0.0000 215.0000 215.0000 0.0000 0.0000 0.0000 0.0000
2023 4 1 0 0.0000 97.9300 0.0000 0.0000 0.0000 0.0000 0.0000 215.0000 215.0000 0.0000 0.0000 0.0000 0.0000
2023 4 2 0 0.0000 105.1000 0.0000 0.0000 0.0000 0.0000 0.0000 215.0000 215.0000 0.0000 0.0000 0.0000 0.0000
2023 4 3 0 0.0000 126.4800 0.0000 0.0000 0.0000 0.0000 0.0000 215.0000 215.0000 0.0000 0.0000 0.0000 0.0000
2023 4 4 0 0.0000 133.1300 0.0000 0.0000 0.0000 0.0000 0.0000 215.0000 215.0000 0.0000 0.0000 0.0000 0.0000
2023 4 5 0 0.0000 130.9100 0.0000 0.0000 0.0000 0.0000 0.0000 215.0000 215.0000 0.0000 0.0000 0.0000 0.0000
2023 4 6 0 0.0000 125.8900 0.0000 0.0000 0.0000 0.0000 0.0000 215.0000 215.0000 0.0000 0.0000 0.0000 0.0000
2023 4 7 0 0.0000 117.9200 0.0000 0.0000 0.0000 0.0000 0.0000 215.0000 215.0000 0.0000 0.0000 0.0000 0.0000
2023 4 8 0 0.0000 120.6500 0.0000 0.0000 0.0000 0.0000 0.0000 215.0000 215.0000 0.0000 0.0000 0.0000 0.0000
2023 4 9 0 0.0000 110.2100 0.0000 0.0000 0.0000 0.0000 0.0000 215.0000 215.0000 0.0000 0.0000 0.0000 0.0000
2023 4 10 0 0.0000 54.3700 0.0000 0.0000 0.0000 0.0000 0.0000 215.0000 215.0000 0.0000 0.0000 0.0000 0.0000
2023 4 11 0 0.6860 84.4600 0.0700 0.6860 0.0000 393.9190 1.0000 214.9318 215.0000 4.6640 0.0000 392.9190 0.0787
2023 4 12 0 7.8400 111.9800 0.8000 7.8400 0.0000 38018.4380 0.0000 206.0875 215.0000 339.5110 0.0000 38018.4380 0.5012
2023 4 13 0 7.8400 107.2100 0.8000 7.8400 0.0000 36398.9693 0.0000 206.0875 215.0000 339.5110 0.0000 36398.9693 0.5012
2023 4 14 0 7.8400 118.9300 0.8000 7.8400 0.0000 40378.0381 0.0000 206.0875 215.0000 339.5110 0.0000 40378.0381 0.5012
2023 4 15 0 7.8400 111.6600 0.8000 7.8400 0.0000 37909.7946 0.0000 206.0875 215.0000 339.5110 0.0000 37909.7946 0.5012
2023 4 16 0 7.8400 115.1500 0.8000 7.8400 0.0000 39094.6871 0.0000 206.0875 215.0000 339.5110 0.0000 39094.6871 0.5012
2023 4 17 0 7.8400 125.4800 0.8000 7.8400 0.0000 42601.8359 0.0000 206.0875 215.0000 339.5110 0.0000 42601.8359 0.5012
2023 4 18 0 7.8400 114.7600 0.8000 7.8400 0.0000 38962.2780 0.0000 206.0875 215.0000 339.5110 0.0000 38962.2780 0.5012
2023 4 19 0 7.8400 108.7500 0.8000 7.8400 0.0000 36921.8164 0.0000 206.0875 215.0000 339.5110 0.0000 36921.8164 0.5012
2023 4 20 0 7.8400 111.1600 0.8000 7.8400 0.0000 37740.0391 0.0000 206.0875 215.0000 339.5110 0.0000 37740.0391 0.5012
2023 4 21 0 7.8400 107.9900 0.8000 7.8400 0.0000 36663.7874 0.0000 206.0875 215.0000 339.5110 0.0000 36663.7874 0.5012
2023 4 22 0 7.8400 98.4000 0.8000 7.8400 0.0000 33407.8786 0.0000 206.0875 215.0000 339.5110 0.0000 33407.8786 0.5012
2023 4 23 0 7.8400 97.8600 0.8000 7.8400 0.0000 33224.5423 0.0000 206.0875 215.0000 339.5110 0.0000 33224.5423 0.5012
2023 4 24 0 7.8400 116.5300 0.8000 7.8400 0.0000 39563.2113 0.0000 206.0875 215.0000 339.5110 0.0000 39563.2113 0.5012
2023 4 25 0 7.8400 104.4700 0.8000 7.8400 0.0000 35468.7100 0.0000 206.0875 215.0000 339.5110 0.0000 35468.7100 0.5012
2023 4 26 0 7.8400 114.3700 0.8000 7.8400 0.0000 38829.8689 0.0000 206.0875 215.0000 339.5110 0.0000 38829.8689 0.5012
2023 4 27 0 7.8400 123.3800 0.8000 7.8400 0.0000 41888.8608 0.0000 206.0875 215.0000 339.5110 0.0000 41888.8608 0.5012
2023 4 28 0 7.8400 121.7100 0.8000 7.8400 0.0000 41321.8781 0.0000 206.0875 215.0000 339.5110 0.0000 41321.8781 0.5012
2023 4 29 0 7.8400 112.7000 0.8000 7.8400 0.0000 38262.8837 0.0000 206.0875 215.0000 339.5110 0.0000 38262.8837 0.5012
2023 4 30 0 7.8400 99.7900 0.8000 7.8400 0.0000 33879.7986 0.0000 206.0875 215.0000 339.5110 0.0000 33879.7986 0.5012
2023 5 1 0 7.8400 106.3400 0.8000 7.8400 0.0000 36103.5938 0.0000 206.0875 215.0000 339.5110 0.0000 36103.5938 0.5012
2023 5 2 0 7.8400 121.7900 0.8000 7.8400 0.0000 41349.0396 0.0000 206.0875 215.0000 339.5110 0.0000 41349.0396 0.5012
2023 5 3 0 7.8400 118.1800 0.8000 7.8400 0.0000 40123.4048 0.0000 206.0875 215.0000 339.5110 0.0000 40123.4048 0.5012
2023 5 4 0 7.8400 112.1600 0.8000 7.8400 0.0000 38079.5500 0.0000 206.0875 215.0000 339.5110 0.0000 38079.5500 0.5012
2023 5 5 0 7.8400 97.5700 0.8000 7.8400 0.0000 33126.0838 0.0000 206.0875 215.0000 339.5110 0.0000 33126.0838 0.5012
2023 5 6 0 7.8400 94.9300 0.8000 7.8400 0.0000 32229.7751 0.0000 206.0875 215.0000 339.5110 0.0000 32229.7751 0.5012
2023 5 7 0 7.8400 88.0500 0.8000 7.8400 0.0000 29893.9407 0.0000 206.0875 215.0000 339.5110 0.0000 29893.9407 0.5012
2023 5 8 0 7.8400 102.0400 0.8000 7.8400 0.0000 34643.6982 0.0000 206.0875 215.0000 339.5110 0.0000 34643.6982 0.5012
2023 5 9 0 7.8400 96.1600 0.8000 7.8400 0.0000 32647.3747 0.0000 206.0875 215.0000 339.5110 0.0000 32647.3747 0.5012
2023 5 10 0 7.8400 94.0200 0.8000 7.8400 0.0000 31920.8189 0.0000 206.0875 215.0000 339.5110 0.0000 31920.8189 0.5012
2023 5 11 0 2.2540 101.3600 0.2300 2.2540 0.0000 5087.7921 0.0000 214.2633 215.0000 50.1953 0.0000 5087.7921 0.2577
2023 5 12 0 0.0000 91.5000 0.0000 0.0000 0.0000 0.0000 1.0000 215.0000 215.0000 0.0000 0.0000 -1.0000 0.0000
2023 5 13 0 0.0000 74.6100 0.0000 0.0000 0.0000 0.0000 0.0000 215.0000 215.0000 0.0000 0.0000 0.0000 0.0000
2023 5 14 0 0.0000 72.7500 0.0000 0.0000 0.0000 0.0000 0.0000 215.0000 215.0000 0.0000 0.0000 0.0000 0.0000
2023 5 15 0 0.0000 94.8900 0.0000 0.0000 0.0000 0.0000 0.0000 215.0000 215.0000 0.0000 0.0000 0.0000 0.0000
2023 5 16 0 0.0000 63.0700 0.0000 0.0000 0.0000 0.0000 0.0000 215.0000 215.0000 0.0000 0.0000 0.0000 0.0000
2023 5 17 0 0.0000 54.3000 0.0000 0.0000 0.0000 0.0000 0.0000 215.0000 215.0000 0.0000 0.0000 0.0000 0.0000
2023 5 18 0 0.0000 88.1100 0.0000 0.0000 0.0000 0.0000 0.0000 215.0000 215.0000 0.0000 0.0000 0.0000 0.0000
2023 5 19 0 0.0000 92.9400 0.0000 0.0000 0.0000 0.0000 0.0000 215.0000 215.0000 0.0000 0.0000 0.0000 0.0000
2023 5 20 0 0.0000 52.6300 0.0000 0.0000 0.0000 0.0000 0.0000 215.0000 215.0000 0.0000 0.0000 0.0000 0.0000
2023 5 21 0 0.0000 37.1300 0.0000 0.0000 0.0000 0.0000 0.0000 215.0000 215.0000 0.0000 0.0000 0.0000 0.0000
2023 5 22 0 0.0000 84.4700 0.0000 0.0000 0.0000 0.0000 0.0000 215.0000 215.0000 0.0000 0.0000 0.0000 0.0000
2023 5 23 0 0.0000 63.0000 0.0000 0.0000 0.0000 0.0000 0.0000 215.0000 215.0000 0.0000 0.0000 0.0000 0.0000
2023 5 24 0 0.0000 82.4800 0.0000 0.0000 0.0000 0.0000 0.0000 215.0000 215.0000 0.0000 0.0000 0.0000 0.0000
2023 5 25 0 0.0000 57.6600 0.0000 0.0000 0.0000 0.0000 0.0000 215.0000 215.0000 0.0000 0.0000 0.0000 0.0000
2023 5 26 0 0.0000 61.9200 0.0000 0.0000 0.0000 0.0000 0.0000 215.0000 215.0000 0.0000 0.0000 0.0000 0.0000
2023 5 27 0 0.0000 61.7400 0.0000 0.0000 0.0000 0.0000 0.0000 215.0000 215.0000 0.0000 0.0000 0.0000 0.0000
2023 5 28 0 0.0000 48.1500 0.0000 0.0000 0.0000 0.0000 0.0000 215.0000 215.0000 0.0000 0.0000 0.0000 0.0000
2023 5 29 0 0.0000 41.9900 0.0000 0.0000 0.0000 0.0000 0.0000 215.0000 215.0000 0.0000 0.0000 0.0000 0.0000
2023 5 30 0 0.0000 85.7800 0.0000 0.0000 0.0000 0.0000 0.0000 215.0000 215.0000 0.0000 0.0000 0.0000 0.0000
2023 5 31 0 0.0000 60.1500 0.0000 0.0000 0.0000 0.0000 0.0000 215.0000 215.0000 0.0000 0.0000 0.0000 0.0000
2023 6 1 0 0.0000 67.1300 0.0000 0.0000 0.0000 0.0000 0.0000 215.0000 215.0000 0.0000 0.0000 0.0000 0.0000
2023 6 2 0 0.0000 80.9600 0.0000 0.0000 0.0000 0.0000 0.0000 215.0000 215.0000 0.0000 0.0000 0.0000 0.0000
2023 6 3 0 0.0000 62.3200 0.0000 0.0000 0.0000 0.0000 0.0000 215.0000 215.0000 0.0000 0.0000 0.0000 0.0000
2023 6 4 0 0.0000 61.2100 0.0000 0.0000 0.0000 0.0000 0.0000 215.0000 215.0000 0.0000 0.0000 0.0000 0.0000
2023 6 5 0 0.0000 87.8500 0.0000 0.0000 0.0000 0.0000 0.0000 215.0000 215.0000 0.0000 0.0000 0.0000 0.0000
2023 6 6 0 0.0000 90.1800 0.0000 0.0000 0.0000 0.0000 0.0000 215.0000 215.0000 0.0000 0.0000 0.0000 0.0000
2023 6 7 0 0.0000 96.7800 0.0000 0.0000 0.0000 0.0000 0.0000 215.0000 215.0000 0.0000 0.0000 0.0000 0.0000
2023 6 8 0 0.0000 89.0900 0.0000 0.0000 0.0000 0.0000 0.0000 215.0000 215.0000 0.0000 0.0000 0.0000 0.0000
2023 6 9 0 0.0000 88.9200 0.0000 0.0000 0.0000 0.0000 0.0000 215.0000 215.0000 0.0000 0.0000 0.0000 0.0000
2023 6 10 0 0.0000 61.8300 0.0000 0.0000 0.0000 0.0000 0.0000 215.0000 215.0000 0.0000 0.0000 0.0000 0.0000
2023 6 11 0 0.0000 47.6500 0.0000 0.0000 0.0000 0.0000 0.0000 215.0000 215.0000 0.0000 0.0000 0.0000 0.0000
2023 6 12 0 0.0000 88.7900 0.0000 0.0000 0.0000 0.0000 0.0000 215.0000 215.0000 0.0000 0.0000 0.0000 0.0000
2023 6 13 0 0.0000 99.0700 0.0000 0.0000 0.0000 0.0000 0.0000 215.0000 215.0000 0.0000 0.0000 0.0000 0.0000
2023 6 14 0 0.0000 105.6600 0.0000 0.0000 0.0000 0.0000 0.0000 215.0000 215.0000 0.0000 0.0000 0.0000 0.0000
2023 6 15 0 0.0000 116.5000 0.0000 0.0000 0.0000 0.0000 0.0000 215.0000 215.0000 0.0000 0.0000 0.0000 0.0000
2023 6 16 0 0.0000 123.1200 0.0000 0.0000 0.0000 0.0000 0.0000 215.0000 215.0000 0.0000 0.0000 0.0000 0.0000
2023 6 17 0 0.0000 107.5100 0.0000 0.0000 0.0000 0.0000 0.0000 215.0000 215.0000 0.0000 0.0000 0.0000 0.0000
2023 6 18 0 0.0000 102.7200 0.0000 0.0000 0.0000 0.0000 0.0000 215.0000 215.0000 0.0000 0.0000 0.0000 0.0000
2023 6 19 0 0.0000 116.7200 0.0000 0.0000 0.0000 0.0000 0.0000 215.0000 215.0000 0.0000 0.0000 0.0000 0.0000
2023 6 20 0 0.0000 131.3100 0.0000 0.0000 0.0000 0.0000 0.0000 215.0000 215.0000 0.0000 0.0000 0.0000 0.0000
2023 6 21 0 0.0000 131.9100 0.0000 0.0000 0.0000 0.0000 0.0000 215.0000 215.0000 0.0000 0.0000 0.0000 0.0000
2023 6 22 0 0.0000 129.3300 0.0000 0.0000 0.0000 0.0000 0.0000 215.0000 215.0000 0.0000 0.0000 0.0000 0.0000
2023 6 23 0 0.0000 112.7300 0.0000 0.0000 0.0000 0.0000 0.0000 215.0000 215.0000 0.0000 0.0000 0.0000 0.0000
2023 6 24 0 0.0000 91.6000 0.0000 0.0000 0.0000 0.0000 0.0000 215.0000 215.0000 0.0000 0.0000 0.0000 0.0000
2023 6 25 0 0.0000 78.9200 0.0000 0.0000 0.0000 0.0000 0.0000 215.0000 215.0000 0.0000 0.0000 0.0000 0.0000
2023 6 26 0 0.0000 97.3600 0.0000 0.0000 0.0000 0.0000 0.0000 215.0000 215.0000 0.0000 0.0000 0.0000 0.0000
2023 6 27 0 0.0000 97.1000 0.0000 0.0000 0.0000 0.0000 0.0000 215.0000 215.0000 0.0000 0.0000 0.0000 0.0000
2023 6 28 0 0.0000 110.3800 0.0000 0.0000 0.0000 0.0000 0.0000 215.0000 215.0000 0.0000 0.0000 0.0000 0.0000
2023 6 29 0 0.0000 115.5800 0.0000 0.0000 0.0000 0.0000 0.0000 215.0000 215.0000 0.0000 0.0000 0.0000 0.0000
2023 6 30 0 0.0000 106.1600 0.0000 0.0000 0.0000 0.0000 0.0000 215.0000 215.0000 0.0000 0.0000 0.0000 0.0000
2023 7 1 0 0.0000 61.0800 0.0000 0.0000 0.0000 0.0000 0.0000 215.0000 215.0000 0.0000 0.0000 0.0000 0.0000
2023 7 2 0 0.0000 15.9100 0.0000 0.0000 0.0000 0.0000 0.0000 215.0000 215.0000 0.0000 0.0000 0.0000 0.0000
2023 7 3 0 0.0000 50.3200 0.0000 0.0000 0.0000 0.0000 0.0000 215.0000 215.0000 0.0000 0.0000 0.0000 0.0000
2023 7 4 0 0.0000 83.2500 0.0000 0.0000 0.0000 0.0000 0.0000 215.0000 215.0000 0.0000 0.0000 0.0000 0.0000
2023 7 5 0 0.0000 80.5300 0.0000 0.0000 0.0000 0.0000 0.0000 215.0000 215.0000 0.0000 0.0000 0.0000 0.0000
2023 7 6 0 0.0000 96.7500 0.0000 0.0000 0.0000 0.0000 0.0000 215.0000 215.0000 0.0000 0.0000 0.0000 0.0000
2023 7 7 0 0.0000 101.0400 0.0000 0.0000 0.0000 0.0000 0.0000 215.0000 215.0000 0.0000 0.0000 0.0000 0.0000
2023 7 8 0 0.0000 87.4600 0.0000 0.0000 0.0000 0.0000 0.0000 215.0000 215.0000 0.0000 0.0000 0.0000 0.0000
2023 7 9 0 0.0000 94.0500 0.0000 0.0000 0.0000 0.0000 0.0000 215.0000 215.0000 0.0000 0.0000 0.0000 0.0000
2023 7 10 0 0.0000 98.2100 0.0000 0.0000 0.0000 0.0000 0.0000 215.0000 215.0000 0.0000 0.0000 0.0000 0.0000
2023 7 11 0 0.0000 89.8900 0.0000 0.0000 0.0000 0.0000 0.0000 215.0000 215.0000 0.0000 0.0000 0.0000 0.0000
2023 7 12 0 0.0000 76.6900 0.0000 0.0000 0.0000 0.0000 0.0000 215.0000 215.0000 0.0000 0.0000 0.0000 0.0000
2023 7 13 0 0.0000 83.4900 0.0000 0.0000 0.0000 0.0000 0.0000 215.0000 215.0000 0.0000 0.0000 0.0000 0.0000
2023 7 14 0 0.0000 85.4800 0.0000 0.0000 0.0000 0.0000 0.0000 215.0000 215.0000 0.0000 0.0000 0.0000 0.0000
2023 7 15 0 0.0000 33.3300 0.0000 0.0000 0.0000 0.0000 0.0000 215.0000 215.0000 0.0000 0.0000 0.0000 0.0000
2023 7 16 0 0.0000 17.8600 0.0000 0.0000 0.0000 0.0000 0.0000 215.0000 215.0000 0.0000 0.0000 0.0000 0.0000
2023 7 17 0 0.0000 30.5600 0.0000 0.0000 0.0000 0.0000 0.0000 215.0000 215.0000 0.0000 0.0000 0.0000 0.0000
2023 7 18 0 0.0000 64.7000 0.0000 0.0000 0.0000 0.0000 0.0000 215.0000 215.0000 0.0000 0.0000 0.0000 0.0000
2023 7 19 0 7.8400 77.7600 0.8000 7.8400 0.0000 26400.3726 1.0000 206.0875 215.0000 339.5110 0.0000 26399.3726 0.5012
2023 7 20 0 7.8400 64.6700 0.8000 7.8400 0.0000 21956.1729 0.0000 206.0875 215.0000 339.5110 0.0000 21956.1729 0.5012
2023 7 21 0 7.8400 83.1300 0.8000 7.8400 0.0000 28223.5448 0.0000 206.0875 215.0000 339.5110 0.0000 28223.5448 0.5012
2023 7 22 0 7.8400 75.6300 0.8000 7.8400 0.0000 25677.2126 0.0000 206.0875 215.0000 339.5110 0.0000 25677.2126 0.5012
2023 7 23 0 7.8400 33.2000 0.8000 7.8400 0.0000 11271.7640 0.0000 206.0875 215.0000 339.5110 0.0000 11271.7640 0.5012
2023 7 24 0 7.8400 69.9000 0.8000 7.8400 0.0000 23731.8163 0.0000 206.0875 215.0000 339.5110 0.0000 23731.8163 0.5012
2023 7 25 0 7.8400 60.2500 0.8000 7.8400 0.0000 20455.5351 0.0000 206.0875 215.0000 339.5110 0.0000 20455.5351 0.5012
2023 7 26 0 7.8400 69.5200 0.8000 7.8400 0.0000 23602.8005 0.0000 206.0875 215.0000 339.5110 0.0000 23602.8005 0.5012
2023 7 27 0 7.8400 87.3400 0.8000 7.8400 0.0000 29652.8856 0.0000 206.0875 215.0000 339.5110 0.0000 29652.8856 0.5012
2023 7 28 0 7.8400 86.7600 0.8000 7.8400 0.0000 29455.9712 0.0000 206.0875 215.0000 339.5110 0.0000 29455.9712 0.5012
2023 7 29 0 7.8400 74.6100 0.8000 7.8400 0.0000 25330.9126 0.0000 206.0875 215.0000 339.5110 0.0000 25330.9126 0.5012
2023 7 30 0 7.8400 39.5200 0.8000 7.8400 0.0000 13417.4731 0.0000 206.0875 215.0000 339.5110 0.0000 13417.4731 0.5012
2023 7 31 0 7.8400 69.3300 0.8000 7.8400 0.0000 23538.2952 0.0000 206.0875 215.0000 339.5110 0.0000 23538.2952 0.5012
2023 8 1 0 7.8400 73.8700 0.8000 7.8400 0.0000 25079.6752 0.0000 206.0875 215.0000 339.5110 0.0000 25079.6752 0.5012
2023 8 2 0 7.8400 64.7500 0.8000 7.8400 0.0000 21983.3344 0.0000 206.0875 215.0000 339.5110 0.0000 21983.3344 0.5012
2023 8 3 0 7.8400 43.5500 0.8000 7.8400 0.0000 14785.7019 0.0000 206.0875 215.0000 339.5110 0.0000 14785.7019 0.5012
2023 8 4 0 7.8400 62.1300 0.8000 7.8400 0.0000 21093.8160 0.0000 206.0875 215.0000 339.5110 0.0000 21093.8160 0.5012
2023 8 5 0 7.8400 76.9400 0.8000 7.8400 0.0000 26121.9738 0.0000 206.0875 215.0000 339.5110 0.0000 26121.9738 0.5012
2023 8 6 0 7.8400 57.5500 0.8000 7.8400 0.0000 19538.8552 0.0000 206.0875 215.0000 339.5110 0.0000 19538.8552 0.5012
2023 8 7 0 7.8400 16.8300 0.8000 7.8400 0.0000 5713.9694 0.0000 206.0875 215.0000 339.5110 0.0000 5713.9694 0.5012
2023 8 8 0 7.8400 0.0400 0.8000 7.8400 0.0000 13.5804 0.0000 206.0875 215.0000 339.5110 0.0000 13.5804 0.5012
2023 8 9 0 7.8400 14.7000 0.8000 7.8400 0.0000 4990.8110 0.0000 206.0875 215.0000 339.5110 0.0000 4990.8110 0.5012
2023 8 10 0 7.8400 51.2900 0.8000 7.8400 0.0000 17413.5172 0.0000 206.0875 215.0000 339.5110 0.0000 17413.5172 0.5012
2023 8 11 0 7.8400 72.3800 0.8000 7.8400 0.0000 24573.8020 0.0000 206.0875 215.0000 339.5110 0.0000 24573.8020 0.5012
2023 8 12 0 7.8400 69.7000 0.8000 7.8400 0.0000 23663.9126 0.0000 206.0875 215.0000 339.5110 0.0000 23663.9126 0.5012
2023 8 13 0 7.8400 63.1900 0.8000 7.8400 0.0000 21453.6968 0.0000 206.0875 215.0000 339.5110 0.0000 21453.6968 0.5012
2023 8 14 0 7.8400 85.9500 0.8000 7.8400 0.0000 29180.9656 0.0000 206.0875 215.0000 339.5110 0.0000 29180.9656 0.5012
2023 8 15 0 7.8400 82.7300 0.8000 7.8400 0.0000 28087.7425 0.0000 206.0875 215.0000 339.5110 0.0000 28087.7425 0.5012
2023 8 16 0 7.8400 93.5300 0.8000 7.8400 0.0000 31754.4593 0.0000 206.0875 215.0000 339.5110 0.0000 31754.4593 0.5012
2023 8 17 0 7.8400 92.9900 0.8000 7.8400 0.0000 31571.1230 0.0000 206.0875 215.0000 339.5110 0.0000 31571.1230 0.5012
2023 8 18 0 7.8400 84.3900 0.8000 7.8400 0.0000 28651.3293 0.0000 206.0875 215.0000 339.5110 0.0000 28651.3293 0.5012
2023 8 19 0 7.8400 48.8800 0.8000 7.8400 0.0000 16595.2959 0.0000 206.0875 215.0000 339.5110 0.0000 16595.2959 0.5012
2023 8 20 0 7.8400 75.6000 0.8000 7.8400 0.0000 25667.0277 0.0000 206.0875 215.0000 339.5110 0.0000 25667.0277 0.5012
2023 8 21 0 7.8400 88.4800 0.8000 7.8400 0.0000 30039.9305 0.0000 206.0875 215.0000 339.5110 0.0000 30039.9305 0.5012
2023 8 22 0 7.8400 92.0800 0.8000 7.8400 0.0000 31262.1694 0.0000 206.0875 215.0000 339.5110 0.0000 31262.1694 0.5012
2023 8 23 0 7.8400 99.5400 0.8000 7.8400 0.0000 33794.9208 0.0000 206.0875 215.0000 339.5110 0.0000 33794.9208 0.5012
2023 8 24 0 7.8400 99.6900 0.8000 7.8400 0.0000 33845.8480 0.0000 206.0875 215.0000 339.5110 0.0000 33845.8480 0.5012
2023 8 25 0 7.8400 93.1800 0.8000 7.8400 0.0000 31635.6310 0.0000 206.0875 215.0000 339.5110 0.0000 31635.6310 0.5012
2023 8 26 0 7.8400 87.9600 0.8000 7.8400 0.0000 29863.3834 0.0000 206.0875 215.0000 339.5110 0.0000 29863.3834 0.5012
2023 8 27 0 7.8400 89.4800 0.8000 7.8400 0.0000 30379.4415 0.0000 206.0875 215.0000 339.5110 0.0000 30379.4415 0.5012
2023 8 28 0 7.8400 91.8000 0.8000 7.8400 0.0000 31167.1068 0.0000 206.0875 215.0000 339.5110 0.0000 31167.1068 0.5012
2023 8 29 0 7.8400 95.0600 0.8000 7.8400 0.0000 32273.9106 0.0000 206.0875 215.0000 339.5110 0.0000 32273.9106 0.5012
2023 8 30 0 7.8400 99.5900 0.8000 7.8400 0.0000 33811.8948 0.0000 206.0875 215.0000 339.5110 0.0000 33811.8948 0.5012
2023 8 31 0 7.8400 97.2200 0.8000 7.8400 0.0000 33007.2555 0.0000 206.0875 215.0000 339.5110 0.0000 33007.2555 0.5012
