POWERSTATION node 6 SVEIGSHYL_I
init_Power = 0.00000
penstock_config = SHARED
headloss_coef = 0.200000
yyyy mm dd hh [m3/s]    [Euro/MWh]  [fr_g0] [m3/s] [m3/s] [Euro] [Euro] [m] [m] [MWh] [Euro] [Euro] [GWh/Mm3]
yyyy mm dd hh Up_Inflow Price Action_g0 tot_outflow auto_qmin income startstopCost Hnetto Hbrutto Power adjust_cost profit est_eekv
2022 9 1 0 0.0000 564.8800 0.0000 0.0000 0.0000 0.0000 0.0000 66.0380 66.0380 0.0000 0.0000 0.0000 0.0000
2022 9 2 0 0.0000 425.8500 0.0000 0.0000 0.0000 0.0000 0.0000 66.1050 66.1050 0.0000 0.0000 0.0000 0.0000
2022 9 3 0 0.0000 383.9200 0.0000 0.0000 0.0000 0.0000 0.0000 66.1752 66.1752 0.0000 0.0000 0.0000 0.0000
2022 9 4 0 3.7170 310.1000 0.6300 3.7170 0.0000 15100.6986 1.0000 63.4449 66.2081 48.6962 0.0000 15099.6986 0.1516
2022 9 5 0 4.7200 388.8400 0.8000 4.7200 0.0000 23809.4715 0.0000 61.7377 66.1934 61.2321 0.0000 23809.4715 0.1501
2022 9 6 0 4.7200 414.3500 0.8000 4.7200 0.0000 25361.3031 0.0000 61.7129 66.1686 61.2074 0.0000 25361.3031 0.1501
2022 9 7 0 4.7200 451.5300 0.8000 4.7200 0.0000 27625.8814 0.0000 61.6881 66.1438 61.1828 0.0000 27625.8814 0.1500
2022 9 8 0 4.7200 426.5600 0.8000 4.7200 0.0000 26087.5173 0.0000 61.6630 66.1187 61.1579 0.0000 26087.5173 0.1500
2022 9 9 0 4.7200 352.9300 0.8000 4.7200 0.0000 21575.5230 0.0000 61.6374 66.0931 61.1326 0.0000 21575.5230 0.1499
2022 9 10 0 4.7200 410.9400 0.8000 4.7200 0.0000 25111.2939 0.0000 61.6116 66.0673 61.1070 0.0000 25111.2939 0.1498
2022 9 11 0 4.7200 400.0100 0.8000 4.7200 0.0000 24433.1849 0.0000 61.5859 66.0416 61.0814 0.0000 24433.1849 0.1498
2022 9 12 0 4.7200 407.9500 0.8000 4.7200 0.0000 24908.9982 0.0000 61.5632 66.0189 61.0589 0.0000 24908.9982 0.1497
2022 9 13 0 4.7200 382.5800 0.8000 4.7200 0.0000 23357.8385 0.0000 61.5577 66.0134 61.0535 0.0000 23357.8385 0.1497
2022 9 14 0 4.7200 425.5000 0.8000 4.7200 0.0000 25978.9873 0.0000 61.5594 66.0151 61.0552 0.0000 25978.9873 0.1497
2022 9 15 0 4.7200 355.8200 0.8000 4.7200 0.0000 21721.8862 0.0000 61.5516 66.0072 61.0474 0.0000 21721.8862 0.1497
2022 9 16 0 4.7200 329.3900 0.8000 4.7200 0.0000 20104.3668 0.0000 61.5392 65.9949 61.0351 0.0000 20104.3668 0.1497
2022 9 17 0 4.7200 246.9600 0.8000 4.7200 0.0000 15069.3622 0.0000 61.5234 65.9791 61.0194 0.0000 15069.3622 0.1496
2022 9 18 0 4.7200 117.5900 0.8000 4.7200 0.0000 7173.0965 0.0000 61.5047 65.9604 61.0009 0.0000 7173.0965 0.1496
2022 9 19 0 4.7200 288.3300 0.8000 4.7200 0.0000 17582.4037 0.0000 61.4837 65.9394 60.9801 0.0000 17582.4037 0.1495
2022 9 20 0 4.7200 380.8200 0.8000 4.7200 0.0000 23214.0492 0.0000 61.4615 65.9172 60.9581 0.0000 23214.0492 0.1495
2022 9 21 0 4.7200 388.8300 0.8000 4.7200 0.0000 23693.4604 0.0000 61.4385 65.8942 60.9353 0.0000 23693.4604 0.1494
2022 9 22 0 4.7200 378.9000 0.8000 4.7200 0.0000 23079.5080 0.0000 61.4149 65.8706 60.9119 0.0000 23079.5080 0.1494
2022 9 23 0 4.7200 359.9800 0.8000 4.7200 0.0000 21918.5971 0.0000 61.3912 65.8469 60.8884 0.0000 21918.5971 0.1493
2022 9 24 0 4.7200 350.7100 0.8000 4.7200 0.0000 21346.0968 0.0000 61.3680 65.8237 60.8654 0.0000 21346.0968 0.1493
2022 9 25 0 4.7200 299.0800 0.8000 4.7200 0.0000 18198.3154 0.0000 61.3502 65.8058 60.8477 0.0000 18198.3154 0.1492
2022 9 26 0 4.7200 259.4000 0.8000 4.7200 0.0000 15782.8825 0.0000 61.3463 65.8020 60.8438 0.0000 15782.8825 0.1492
2022 9 27 0 4.7200 306.8900 0.8000 4.7200 0.0000 18676.9256 0.0000 61.3613 65.8170 60.8587 0.0000 18676.9256 0.1492
2022 9 28 0 4.7200 308.5200 0.8000 4.7200 0.0000 18791.1864 0.0000 61.4105 65.8662 60.9075 0.0000 18791.1864 0.1494
2022 9 29 0 4.7200 347.1000 0.8000 4.7200 0.0000 21160.7583 0.0000 61.4679 65.9236 60.9644 0.0000 21160.7583 0.1495
2022 9 30 0 4.7200 278.9700 0.8000 4.7200 0.0000 17016.2081 0.0000 61.5003 65.9560 60.9966 0.0000 17016.2081 0.1496
2022 10 1 0 4.7200 90.2400 0.8000 4.7200 0.0000 5509.0909 0.0000 61.5535 66.0092 61.0493 0.0000 5509.0909 0.1497
2022 10 2 0 4.7200 182.7200 0.8000 4.7200 0.0000 11170.1091 0.0000 61.6372 66.0929 61.1324 0.0000 11170.1091 0.1499
2022 10 3 0 4.7200 234.6000 0.8000 4.7200 0.0000 14358.4341 0.0000 61.7093 66.1650 61.2039 0.0000 14358.4341 0.1501
2022 10 4 0 4.7200 199.0100 0.8000 4.7200 0.0000 12190.6689 0.0000 61.7625 66.2181 61.2566 0.0000 12190.6689 0.1502
2022 10 5 0 4.7200 51.1100 0.8000 4.7200 0.0000 3134.0277 0.0000 61.8257 66.2814 61.3193 0.0000 3134.0277 0.1504
2022 10 6 0 4.7200 23.8700 0.8000 4.7200 0.0000 1466.0918 0.0000 61.9271 66.3828 61.4198 0.0000 1466.0918 0.1506
2022 10 7 0 4.7200 30.2900 0.8000 4.7200 0.0000 1863.2851 0.0000 62.0229 66.4786 61.5149 0.0000 1863.2851 0.1508
2022 10 8 0 4.7200 53.3800 0.8000 4.7200 0.0000 3287.2804 0.0000 62.0912 66.5469 61.5826 0.0000 3287.2804 0.1510
2022 10 9 0 4.7200 91.9400 0.8000 4.7200 0.0000 5667.1588 0.0000 62.1488 66.6045 61.6398 0.0000 5667.1588 0.1511
2022 10 10 0 4.7200 137.7100 0.8000 4.7200 0.0000 8494.2131 0.0000 62.1913 66.6470 61.6819 0.0000 8494.2131 0.1513
2022 10 11 0 4.7200 174.3200 0.8000 4.7200 0.0000 10758.7613 0.0000 62.2282 66.6838 61.7185 0.0000 10758.7613 0.1513
2022 10 12 0 4.7200 199.9900 0.8000 4.7200 0.0000 12349.1713 0.0000 62.2589 66.7146 61.7489 0.0000 12349.1713 0.1514
2022 10 13 0 4.7200 233.6000 0.8000 4.7200 0.0000 14429.9481 0.0000 62.2822 66.7379 61.7720 0.0000 14429.9481 0.1515
2022 10 14 0 4.7200 217.2400 0.8000 4.7200 0.0000 13423.2524 0.0000 62.3003 66.7559 61.7900 0.0000 13423.2524 0.1515
2022 10 15 0 4.7200 154.6600 0.8000 4.7200 0.0000 9561.3866 0.0000 62.3325 66.7882 61.8220 0.0000 9561.3866 0.1516
2022 10 16 0 4.7200 113.2100 0.8000 4.7200 0.0000 7005.3445 0.0000 62.3902 66.8459 61.8792 0.0000 7005.3445 0.1517
2022 10 17 0 4.7200 146.2200 0.8000 4.7200 0.0000 9057.1746 0.0000 62.4537 66.9093 61.9421 0.0000 9057.1746 0.1519
2022 10 18 0 4.7200 163.8200 0.8000 4.7200 0.0000 10156.8475 0.0000 62.5121 66.9678 62.0000 0.0000 10156.8475 0.1520
2022 10 19 0 4.7200 159.7000 0.8000 4.7200 0.0000 9909.3168 0.0000 62.5620 67.0177 62.0496 0.0000 9909.3168 0.1522
2022 10 20 0 4.7200 142.1100 0.8000 4.7200 0.0000 8823.0903 0.0000 62.5991 67.0548 62.0863 0.0000 8823.0903 0.1522
2022 10 21 0 4.7200 157.4800 0.8000 4.7200 0.0000 9781.3130 0.0000 62.6244 67.0801 62.1115 0.0000 9781.3130 0.1523
2022 10 22 0 4.7200 142.0700 0.8000 4.7200 0.0000 8826.6224 0.0000 62.6418 67.0975 62.1287 0.0000 8826.6224 0.1523
2022 10 23 0 4.7200 99.6700 0.8000 4.7200 0.0000 6194.3747 0.0000 62.6621 67.1178 62.1488 0.0000 6194.3747 0.1524
2022 10 24 0 4.7200 85.2000 0.8000 4.7200 0.0000 5297.7821 0.0000 62.6941 67.1497 62.1805 0.0000 5297.7821 0.1525
2022 10 25 0 4.7200 110.5100 0.8000 4.7200 0.0000 6875.6353 0.0000 62.7311 67.1868 62.2173 0.0000 6875.6353 0.1526
2022 10 26 0 4.7200 121.4900 0.8000 4.7200 0.0000 7565.4632 0.0000 62.7866 67.2423 62.2723 0.0000 7565.4632 0.1527
2022 10 27 0 4.7200 117.6600 0.8000 4.7200 0.0000 7333.7658 0.0000 62.8449 67.3006 62.3302 0.0000 7333.7658 0.1528
2022 10 28 0 4.7200 103.2200 0.8000 4.7200 0.0000 6437.3358 0.0000 62.8802 67.3359 62.3652 0.0000 6437.3358 0.1529
2022 10 29 0 4.7200 101.6200 0.8000 4.7200 0.0000 6340.8042 0.0000 62.9125 67.3682 62.3972 0.0000 6340.8042 0.1530
2022 10 30 0 4.7200 117.9300 0.8000 4.7200 0.0000 7362.3130 0.0000 62.9451 67.4008 62.4295 0.0000 7362.3130 0.1531
2022 10 31 0 4.7200 144.1300 0.8000 4.7200 0.0000 9001.0325 0.0000 62.9665 67.4222 62.4508 0.0000 9001.0325 0.1531
2022 11 1 0 4.7200 72.4900 0.8000 4.7200 0.0000 4528.1516 0.0000 62.9818 67.4374 62.4659 0.0000 4528.1516 0.1532
2022 11 2 0 4.7200 71.1700 0.8000 4.7200 0.0000 4448.0395 0.0000 63.0149 67.4706 62.4988 0.0000 4448.0395 0.1533
2022 11 3 0 4.7200 86.5000 0.8000 4.7200 0.0000 5413.7514 0.0000 63.1036 67.5593 62.5867 0.0000 5413.7514 0.1535
2022 11 4 0 4.7200 72.6700 0.8000 4.7200 0.0000 4558.1435 0.0000 63.2419 67.6976 62.7239 0.0000 4558.1435 0.1538
2022 11 5 0 4.7200 47.6500 0.8000 4.7200 0.0000 2995.4869 0.0000 63.3835 67.8392 62.8644 0.0000 2995.4869 0.1542
2022 11 6 0 4.7200 35.7500 0.8000 4.7200 0.0000 2251.5046 0.0000 63.4993 67.9549 62.9791 0.0000 2251.5046 0.1544
2022 11 7 0 4.7200 43.8300 0.8000 4.7200 0.0000 2765.8226 0.0000 63.6246 68.0802 63.1034 0.0000 2765.8226 0.1547
2022 11 8 0 4.7200 51.0900 0.8000 4.7200 0.0000 3231.3817 0.0000 63.7711 68.2268 63.2488 0.0000 3231.3817 0.1551
2022 11 9 0 4.7200 42.5700 0.8000 4.7200 0.0000 2699.2140 0.0000 63.9301 68.3858 63.4065 0.0000 2699.2140 0.1555
2022 11 10 0 4.7200 27.4000 0.8000 4.7200 0.0000 1741.6893 0.0000 64.0903 68.5459 63.5653 0.0000 1741.6893 0.1559
2022 11 11 0 4.7200 2.0000 0.8000 4.7200 0.0000 127.3860 0.0000 64.2190 68.6747 63.6930 0.0000 127.3860 0.1562
2022 11 12 0 4.7200 2.3700 0.8000 4.7200 0.0000 151.1948 0.0000 64.3221 68.7778 63.7953 0.0000 151.1948 0.1564
2022 11 13 0 4.7200 29.9300 0.8000 4.7200 0.0000 1911.7886 0.0000 64.4028 68.8585 63.8753 0.0000 1911.7886 0.1566
2022 11 14 0 4.7200 53.6800 0.8000 4.7200 0.0000 3432.1982 0.0000 64.4662 68.9218 63.9381 0.0000 3432.1982 0.1568
2022 11 15 0 4.7200 53.7500 0.8000 4.7200 0.0000 3439.5047 0.0000 64.5193 68.9749 63.9908 0.0000 3439.5047 0.1569
2022 11 16 0 4.7200 27.6900 0.8000 4.7200 0.0000 1772.5933 0.0000 64.5443 69.0000 64.0156 0.0000 1772.5933 0.1570
2022 11 17 0 4.7200 48.9100 0.8000 4.7200 0.0000 3131.0052 0.0000 64.5443 69.0000 64.0156 0.0000 3131.0052 0.1570
2022 11 18 0 4.7200 113.7000 0.8000 4.7200 0.0000 7278.5788 0.0000 64.5443 69.0000 64.0156 0.0000 7278.5788 0.1570
2022 11 19 0 4.7200 167.1000 0.8000 4.7200 0.0000 10697.0148 0.0000 64.5443 69.0000 64.0156 0.0000 10697.0148 0.1570
2022 11 20 0 4.7200 162.8400 0.8000 4.7200 0.0000 10424.3076 0.0000 64.5443 69.0000 64.0156 0.0000 10424.3076 0.1570
2022 11 21 0 4.7200 209.5500 0.8000 4.7200 0.0000 13414.4788 0.0000 64.5443 69.0000 64.0156 0.0000 13414.4788 0.1570
2022 11 22 0 4.7200 174.4300 0.8000 4.7200 0.0000 11166.2487 0.0000 64.5443 69.0000 64.0156 0.0000 11166.2487 0.1570
2022 11 23 0 4.7200 149.8400 0.8000 4.7200 0.0000 9592.1042 0.0000 64.5443 69.0000 64.0156 0.0000 9592.1042 0.1570
2022 11 24 0 4.7200 172.1800 0.8000 4.7200 0.0000 11022.2135 0.0000 64.5443 69.0000 64.0156 0.0000 11022.2135 0.1570
2022 11 25 0 4.7200 200.3300 0.8000 4.7200 0.0000 12824.2545 0.0000 64.5443 69.0000 64.0156 0.0000 12824.2545 0.1570
2022 11 26 0 4.7200 196.0200 0.8000 4.7200 0.0000 12548.3472 0.0000 64.5443 69.0000 64.0156 0.0000 12548.3472 0.1570
2022 11 27 0 4.7200 146.0400 0.8000 4.7200 0.0000 9348.8445 0.0000 64.5443 69.0000 64.0156 0.0000 9348.8445 0.1570
2022 11 28 0 4.7200 195.3000 0.8000 4.7200 0.0000 12502.2559 0.0000 64.5443 69.0000 64.0156 0.0000 12502.2559 0.1570
2022 11 29 0 4.7200 362.5600 0.8000 4.7200 0.0000 23209.5125 0.0000 64.5443 69.0000 64.0156 0.0000 23209.5125 0.1570
2022 11 30 0 4.7200 364.6000 0.8000 4.7200 0.0000 23340.1049 0.0000 64.5443 69.0000 64.0156 0.0000 23340.1049 0.1570
2022 12 1 0 4.7200 349.6500 0.8000 4.7200 0.0000 22383.0703 0.0000 64.5443 69.0000 64.0156 0.0000 22383.0703 0.1570
2022 12 2 0 4.7200 324.9900 0.8000 4.7200 0.0000 20804.4442 0.0000 64.5443 69.0000 64.0156 0.0000 20804.4442 0.1570
2022 12 3 0 4.7200 268.8200 0.8000 4.7200 0.0000 17208.6864 0.0000 64.5443 69.0000 64.0156 0.0000 17208.6864 0.1570
2022 12 4 0 4.7200 271.5000 0.8000 4.7200 0.0000 17380.2479 0.0000 64.5443 69.0000 64.0156 0.0000 17380.2479 0.1570
2022 12 5 0 4.7200 290.7800 0.8000 4.7200 0.0000 18614.4695 0.0000 64.5443 69.0000 64.0156 0.0000 18614.4695 0.1570
2022 12 6 0 4.7200 346.8000 0.8000 4.7200 0.0000 22200.6253 0.0000 64.5443 69.0000 64.0156 0.0000 22200.6253 0.1570
2022 12 7 0 4.7200 334.1100 0.8000 4.7200 0.0000 21388.2666 0.0000 64.5443 69.0000 64.0156 0.0000 21388.2666 0.1570
2022 12 8 0 4.7200 399.0300 0.8000 4.7200 0.0000 25544.1632 0.0000 64.5443 69.0000 64.0156 0.0000 25544.1632 0.1570
2022 12 9 0 4.7200 418.6900 0.8000 4.7200 0.0000 26802.7110 0.0000 64.5443 69.0000 64.0156 0.0000 26802.7110 0.1570
2022 12 10 0 4.7200 362.9800 0.8000 4.7200 0.0000 23236.3999 0.0000 64.5443 69.0000 64.0156 0.0000 23236.3999 0.1570
2022 12 11 0 4.7200 338.6100 0.8000 4.7200 0.0000 21676.3370 0.0000 64.5443 69.0000 64.0156 0.0000 21676.3370 0.1570
2022 12 12 0 4.7200 446.1100 0.8000 4.7200 0.0000 28558.0189 0.0000 64.5443 69.0000 64.0156 0.0000 28558.0189 0.1570
2022 12 13 0 4.7200 458.6300 0.8000 4.7200 0.0000 29359.4961 0.0000 64.5443 69.0000 64.0156 0.0000 29359.4961 0.1570
2022 12 14 0 4.7200 451.4100 0.8000 4.7200 0.0000 28897.3030 0.0000 64.5443 69.0000 64.0156 0.0000 28897.3030 0.1570
2022 12 15 0 4.7200 396.6100 0.8000 4.7200 0.0000 25389.2444 0.0000 64.5443 69.0000 64.0156 0.0000 25389.2444 0.1570
2022 12 16 0 4.7200 413.8400 0.8000 4.7200 0.0000 26492.2347 0.0000 64.5443 69.0000 64.0156 0.0000 26492.2347 0.1570
2022 12 17 0 4.7200 254.6500 0.8000 4.7200 0.0000 16301.5839 0.0000 64.5443 69.0000 64.0156 0.0000 16301.5839 0.1570
2022 12 18 0 4.7200 206.4000 0.8000 4.7200 0.0000 13212.8290 0.0000 64.5443 69.0000 64.0156 0.0000 13212.8290 0.1570
2022 12 19 0 4.7200 211.4800 0.8000 4.7200 0.0000 13538.0286 0.0000 64.5443 69.0000 64.0156 0.0000 13538.0286 0.1570
2022 12 20 0 4.7200 205.2500 0.8000 4.7200 0.0000 13139.2114 0.0000 64.5443 69.0000 64.0156 0.0000 13139.2114 0.1570
2022 12 21 0 4.7200 223.3000 0.8000 4.7200 0.0000 14294.6940 0.0000 64.5443 69.0000 64.0156 0.0000 14294.6940 0.1570
2022 12 22 0 4.7200 201.9700 0.8000 4.7200 0.0000 12929.2401 0.0000 64.5443 69.0000 64.0156 0.0000 12929.2401 0.1570
2022 12 23 0 4.7200 193.2900 0.8000 4.7200 0.0000 12373.5838 0.0000 64.5443 69.0000 64.0156 0.0000 12373.5838 0.1570
2022 12 24 0 4.7200 142.3700 0.8000 4.7200 0.0000 9113.9072 0.0000 64.5443 69.0000 64.0156 0.0000 9113.9072 0.1570
2022 12 25 0 4.7200 129.4400 0.8000 4.7200 0.0000 8286.1854 0.0000 64.5443 69.0000 64.0156 0.0000 8286.1854 0.1570
2022 12 26 0 4.7200 111.7200 0.8000 4.7200 0.0000 7151.8281 0.0000 64.5443 69.0000 64.0156 0.0000 7151.8281 0.1570
2022 12 27 0 4.7200 141.3500 0.8000 4.7200 0.0000 9048.6120 0.0000 64.5443 69.0000 64.0156 0.0000 9048.6120 0.1570
2022 12 28 0 4.7200 122.1300 0.8000 4.7200 0.0000 7818.2307 0.0000 64.5443 69.0000 64.0156 0.0000 7818.2307 0.1570
2022 12 29 0 4.7200 96.2800 0.8000 4.7200 0.0000 6163.4263 0.0000 64.5443 69.0000 64.0156 0.0000 6163.4263 0.1570
2022 12 30 0 4.7200 100.4100 0.8000 4.7200 0.0000 6427.8113 0.0000 64.5443 69.0000 64.0156 0.0000 6427.8113 0.1570
2022 12 31 0 4.7200 116.2200 0.8000 4.7200 0.0000 7439.8985 0.0000 64.5443 69.0000 64.0156 0.0000 7439.8985 0.1570
2023 1 1 0 4.7200 112.5700 0.8000 4.7200 0.0000 7206.2413 0.0000 64.5443 69.0000 64.0156 0.0000 7206.2413 0.1570
2023 1 2 0 4.7200 149.2600 0.8000 4.7200 0.0000 9554.9750 0.0000 64.5443 69.0000 64.0156 0.0000 9554.9750 0.1570
2023 1 3 0 4.7200 154.5400 0.8000 4.7200 0.0000 9892.9775 0.0000 64.5443 69.0000 64.0156 0.0000 9892.9775 0.1570
2023 1 4 0 4.7200 114.6400 0.8000 4.7200 0.0000 7338.7536 0.0000 64.5443 69.0000 64.0156 0.0000 7338.7536 0.1570
2023 1 5 0 4.7200 144.1600 0.8000 4.7200 0.0000 9228.4958 0.0000 64.5443 69.0000 64.0156 0.0000 9228.4958 0.1570
2023 1 6 0 4.7200 126.0400 0.8000 4.7200 0.0000 8068.5321 0.0000 64.5443 69.0000 64.0156 0.0000 8068.5321 0.1570
2023 1 7 0 4.7200 102.5400 0.8000 4.7200 0.0000 6564.1644 0.0000 64.5443 69.0000 64.0156 0.0000 6564.1644 0.1570
2023 1 8 0 4.7200 75.8000 0.8000 4.7200 0.0000 4852.3862 0.0000 64.5443 69.0000 64.0156 0.0000 4852.3862 0.1570
2023 1 9 0 4.7200 133.2800 0.8000 4.7200 0.0000 8532.0052 0.0000 64.5443 69.0000 64.0156 0.0000 8532.0052 0.1570
2023 1 10 0 4.7200 130.4400 0.8000 4.7200 0.0000 8350.2010 0.0000 64.5443 69.0000 64.0156 0.0000 8350.2010 0.1570
2023 1 11 0 4.7200 96.6800 0.8000 4.7200 0.0000 6189.0327 0.0000 64.5443 69.0000 64.0156 0.0000 6189.0327 0.1570
2023 1 12 0 4.7200 89.9500 0.8000 4.7200 0.0000 5756.5782 0.0000 64.5261 68.9817 63.9975 0.0000 5756.5782 0.1569
2023 1 13 0 4.7200 82.8000 0.8000 4.7200 0.0000 5295.1904 0.0000 64.4797 68.9354 63.9516 0.0000 5295.1904 0.1568
2023 1 14 0 4.7200 94.7100 0.8000 4.7200 0.0000 6051.2989 0.0000 64.4206 68.8763 63.8929 0.0000 6051.2989 0.1567
2023 1 15 0 4.7200 70.7800 0.8000 4.7200 0.0000 4517.9176 0.0000 64.3576 68.8133 63.8304 0.0000 4517.9176 0.1565
2023 1 16 0 4.7200 139.7600 0.8000 4.7200 0.0000 8912.0218 0.0000 64.2932 68.7489 63.7666 0.0000 8912.0218 0.1564
2023 1 17 0 4.7200 134.1900 0.8000 4.7200 0.0000 8548.1024 0.0000 64.2276 68.6832 63.7015 0.0000 8548.1024 0.1562
2023 1 18 0 4.7200 138.3800 0.8000 4.7200 0.0000 8805.9009 0.0000 64.1612 68.6169 63.6356 0.0000 8805.9009 0.1560
2023 1 19 0 4.7200 148.5600 0.8000 4.7200 0.0000 9443.6444 0.0000 64.0929 68.5485 63.5679 0.0000 9443.6444 0.1559
2023 1 20 0 4.7200 162.5000 0.8000 4.7200 0.0000 10318.3083 0.0000 64.0217 68.4774 63.4973 0.0000 10318.3083 0.1557
2023 1 21 0 4.7200 150.1900 0.8000 4.7200 0.0000 9525.8405 0.0000 63.9491 68.4047 63.4253 0.0000 9525.8405 0.1555
2023 1 22 0 4.7200 151.8000 0.8000 4.7200 0.0000 9616.8538 0.0000 63.8753 68.3310 63.3521 0.0000 9616.8538 0.1553
2023 1 23 0 4.7200 197.7300 0.8000 4.7200 0.0000 12512.2564 0.0000 63.8021 68.2578 63.2795 0.0000 12512.2564 0.1552
2023 1 24 0 4.7200 184.5400 0.8000 4.7200 0.0000 11664.1785 0.0000 63.7288 68.1845 63.2068 0.0000 11664.1785 0.1550
2023 1 25 0 4.7200 137.5700 0.8000 4.7200 0.0000 8685.2823 0.0000 63.6549 68.1106 63.1335 0.0000 8685.2823 0.1548
2023 1 26 0 4.7200 132.3800 0.8000 4.7200 0.0000 8348.2596 0.0000 63.5836 68.0393 63.0628 0.0000 8348.2596 0.1546
2023 1 27 0 2.5370 154.0500 0.4300 2.5370 0.0000 4707.2644 0.0000 66.7044 67.9917 30.5567 0.0000 4707.2644 0.1394
2023 1 28 0 0.0000 116.8100 0.0000 0.0000 0.0000 0.0000 1.0000 67.9905 67.9905 0.0000 0.0000 -1.0000 0.0000
2023 1 29 0 0.0000 102.3700 0.0000 0.0000 0.0000 0.0000 0.0000 68.0133 68.0133 0.0000 0.0000 0.0000 0.0000
2023 1 30 0 0.0000 90.0000 0.0000 0.0000 0.0000 0.0000 0.0000 68.0380 68.0380 0.0000 0.0000 0.0000 0.0000
2023 1 31 0 0.0000 105.1200 0.0000 0.0000 0.0000 0.0000 0.0000 68.0662 68.0662 0.0000 0.0000 0.0000 0.0000
2023 2 1 0 0.0000 103.8300 0.0000 0.0000 0.0000 0.0000 0.0000 68.0960 68.0960 0.0000 0.0000 0.0000 0.0000
2023 2 2 0 0.0000 145.2800 0.0000 0.0000 0.0000 0.0000 0.0000 68.1299 68.1299 0.0000 0.0000 0.0000 0.0000
2023 2 3 0 0.0000 113.1000 0.0000 0.0000 0.0000 0.0000 0.0000 68.1665 68.1665 0.0000 0.0000 0.0000 0.0000
2023 2 4 0 0.0000 138.8200 0.0000 0.0000 0.0000 0.0000 0.0000 68.2011 68.2011 0.0000 0.0000 0.0000 0.0000
2023 2 5 0 0.0000 122.8300 0.0000 0.0000 0.0000 0.0000 0.0000 68.2340 68.2340 0.0000 0.0000 0.0000 0.0000
2023 2 6 0 0.0000 161.3800 0.0000 0.0000 0.0000 0.0000 0.0000 68.2663 68.2663 0.0000 0.0000 0.0000 0.0000
2023 2 7 0 0.0000 132.4500 0.0000 0.0000 0.0000 0.0000 0.0000 68.2975 68.2975 0.0000 0.0000 0.0000 0.0000
2023 2 8 0 0.0000 120.3300 0.0000 0.0000 0.0000 0.0000 0.0000 68.3278 68.3278 0.0000 0.0000 0.0000 0.0000
2023 2 9 0 0.0000 98.3400 0.0000 0.0000 0.0000 0.0000 0.0000 68.3591 68.3591 0.0000 0.0000 0.0000 0.0000
2023 2 10 0 0.0000 97.5400 0.0000 0.0000 0.0000 0.0000 0.0000 68.3924 68.3924 0.0000 0.0000 0.0000 0.0000
2023 2 11 0 0.0000 94.6300 0.0000 0.0000 0.0000 0.0000 0.0000 68.4275 68.4275 0.0000 0.0000 0.0000 0.0000
2023 2 12 0 0.0000 111.6200 0.0000 0.0000 0.0000 0.0000 0.0000 68.4646 68.4646 0.0000 0.0000 0.0000 0.0000
2023 2 13 0 0.0000 115.7800 0.0000 0.0000 0.0000 0.0000 0.0000 68.5029 68.5029 0.0000 0.0000 0.0000 0.0000
2023 2 14 0 0.0000 140.8300 0.0000 0.0000 0.0000 0.0000 0.0000 68.5416 68.5416 0.0000 0.0000 0.0000 0.0000
2023 2 15 0 0.0000 122.5300 0.0000 0.0000 0.0000 0.0000 0.0000 68.5786 68.5786 0.0000 0.0000 0.0000 0.0000
2023 2 16 0 0.0000 120.9800 0.0000 0.0000 0.0000 0.0000 0.0000 68.6130 68.6130 0.0000 0.0000 0.0000 0.0000
2023 2 17 0 0.0000 92.1200 0.0000 0.0000 0.0000 0.0000 0.0000 68.6480 68.6480 0.0000 0.0000 0.0000 0.0000
2023 2 18 0 0.0000 97.8800 0.0000 0.0000 0.0000 0.0000 0.0000 68.6856 68.6856 0.0000 0.0000 0.0000 0.0000
2023 2 19 0 0.0000 107.6300 0.0000 0.0000 0.0000 0.0000 0.0000 68.7251 68.7251 0.0000 0.0000 0.0000 0.0000
2023 2 20 0 0.0000 77.5600 0.0000 0.0000 0.0000 0.0000 0.0000 68.7666 68.7666 0.0000 0.0000 0.0000 0.0000
2023 2 21 0 0.0000 106.7100 0.0000 0.0000 0.0000 0.0000 0.0000 68.8105 68.8105 0.0000 0.0000 0.0000 0.0000
2023 2 22 0 0.0000 118.3800 0.0000 0.0000 0.0000 0.0000 0.0000 68.8539 68.8539 0.0000 0.0000 0.0000 0.0000
2023 2 23 0 0.0000 116.1600 0.0000 0.0000 0.0000 0.0000 0.0000 68.8961 68.8961 0.0000 0.0000 0.0000 0.0000
2023 2 24 0 0.0000 103.8000 0.0000 0.0000 0.0000 0.0000 0.0000 68.9382 68.9382 0.0000 0.0000 0.0000 0.0000
2023 2 25 0 0.0000 97.6000 0.0000 0.0000 0.0000 0.0000 0.0000 68.9795 68.9795 0.0000 0.0000 0.0000 0.0000
2023 2 26 0 0.0000 111.9200 0.0000 0.0000 0.0000 0.0000 0.0000 69.0000 69.0000 0.0000 0.0000 0.0000 0.0000
2023 2 27 0 0.0000 124.5700 0.0000 0.0000 0.0000 0.0000 0.0000 69.0000 69.0000 0.0000 0.0000 0.0000 0.0000
2023 2 28 0 0.0000 124.0900 0.0000 0.0000 0.0000 0.0000 0.0000 69.0000 69.0000 0.0000 0.0000 0.0000 0.0000
2023 3 1 0 0.0000 130.8400 0.0000 0.0000 0.0000 0.0000 0.0000 69.0000 69.0000 0.0000 0.0000 0.0000 0.0000
2023 3 2 0 0.0000 120.4000 0.0000 0.0000 0.0000 0.0000 0.0000 69.0000 69.0000 0.0000 0.0000 0.0000 0.0000
2023 3 3 0 0.0000 115.5800 0.0000 0.0000 0.0000 0.0000 0.0000 69.0000 69.0000 0.0000 0.0000 0.0000 0.0000
2023 3 4 0 0.0000 112.2200 0.0000 0.0000 0.0000 0.0000 0.0000 69.0000 69.0000 0.0000 0.0000 0.0000 0.0000
2023 3 5 0 0.0000 129.9600 0.0000 0.0000 0.0000 0.0000 0.0000 69.0000 69.0000 0.0000 0.0000 0.0000 0.0000
2023 3 6 0 0.0000 153.1300 0.0000 0.0000 0.0000 0.0000 0.0000 69.0000 69.0000 0.0000 0.0000 0.0000 0.0000
2023 3 7 0 0.0000 116.0800 0.0000 0.0000 0.0000 0.0000 0.0000 69.0000 69.0000 0.0000 0.0000 0.0000 0.0000
2023 3 8 0 0.0000 150.8300 0.0000 0.0000 0.0000 0.0000 0.0000 69.0000 69.0000 0.0000 0.0000 0.0000 0.0000
2023 3 9 0 0.0000 138.5100 0.0000 0.0000 0.0000 0.0000 0.0000 69.0000 69.0000 0.0000 0.0000 0.0000 0.0000
2023 3 10 0 0.0000 127.3700 0.0000 0.0000 0.0000 0.0000 0.0000 69.0000 69.0000 0.0000 0.0000 0.0000 0.0000
2023 3 11 0 0.0000 110.5300 0.0000 0.0000 0.0000 0.0000 0.0000 69.0000 69.0000 0.0000 0.0000 0.0000 0.0000
2023 3 12 0 0.0000 106.8200 0.0000 0.0000 0.0000 0.0000 0.0000 69.0000 69.0000 0.0000 0.0000 0.0000 0.0000
2023 3 13 0 0.0000 94.6800 0.0000 0.0000 0.0000 0.0000 0.0000 69.0000 69.0000 0.0000 0.0000 0.0000 0.0000
2023 3 14 0 0.0000 102.8300 0.0000 0.0000 0.0000 0.0000 0.0000 69.0000 69.0000 0.0000 0.0000 0.0000 0.0000
2023 3 15 0 0.0000 121.6400 0.0000 0.0000 0.0000 0.0000 0.0000 69.0000 69.0000 0.0000 0.0000 0.0000 0.0000
2023 3 16 0 0.0000 112.8100 0.0000 0.0000 0.0000 0.0000 0.0000 69.0000 69.0000 0.0000 0.0000 0.0000 0.0000
2023 3 17 0 0.0000 104.1500 0.0000 0.0000 0.0000 0.0000 0.0000 69.0000 69.0000 0.0000 0.0000 0.0000 0.0000
2023 3 18 0 0.0000 109.0000 0.0000 0.0000 0.0000 0.0000 0.0000 69.0000 69.0000 0.0000 0.0000 0.0000 0.0000
2023 3 19 0 0.0000 110.0900 0.0000 0.0000 0.0000 0.0000 0.0000 69.0000 69.0000 0.0000 0.0000 0.0000 0.0000
2023 3 20 0 0.0000 116.7600 0.0000 0.0000 0.0000 0.0000 0.0000 69.0000 69.0000 0.0000 0.0000 0.0000 0.0000
2023 3 21 0 0.0000 111.3100 0.0000 0.0000 0.0000 0.0000 0.0000 69.0000 69.0000 0.0000 0.0000 0.0000 0.0000
2023 3 22 0 0.0000 92.3600 0.0000 0.0000 0.0000 0.0000 0.0000 69.0000 69.0000 0.0000 0.0000 0.0000 0.0000
2023 3 23 0 0.0000 86.1100 0.0000 0.0000 0.0000 0.0000 0.0000 69.0000 69.0000 0.0000 0.0000 0.0000 0.0000
2023 3 24 0 0.0000 83.8300 0.0000 0.0000 0.0000 0.0000 0.0000 69.0000 69.0000 0.0000 0.0000 0.0000 0.0000
2023 3 25 0 0.0000 73.3600 0.0000 0.0000 0.0000 0.0000 0.0000 69.0000 69.0000 0.0000 0.0000 0.0000 0.0000
2023 3 26 0 0.0000 92.4600 0.0000 0.0000 0.0000 0.0000 0.0000 69.0000 69.0000 0.0000 0.0000 0.0000 0.0000
2023 3 27 0 0.0000 100.9400 0.0000 0.0000 0.0000 0.0000 0.0000 69.0000 69.0000 0.0000 0.0000 0.0000 0.0000
2023 3 28 0 0.0000 123.8500 0.0000 0.0000 0.0000 0.0000 0.0000 69.0000 69.0000 0.0000 0.0000 0.0000 0.0000
2023 3 29 0 0.0000 127.0200 0.0000 0.0000 0.0000 0.0000 0.0000 69.0000 69.0000 0.0000 0.0000 0.0000 0.0000
2023 3 30 0 0.0000 103.7800 0.0000 0.0000 0.0000 0.0000 0.0000 69.0000 69.0000 0.0000 0.0000 0.0000 0.0000
2023 3 31 0 0.0000 111.8200 0.0000 0.0000 0.0000 0.0000 0.0000 69.0000 69.0000 0.0000 0.0000 0.0000 0.0000
2023 4 1 0 0.0000 97.9300 0.0000 0.0000 0.0000 0.0000 0.0000 69.0000 69.0000 0.0000 0.0000 0.0000 0.0000
2023 4 2 0 0.0000 105.1000 0.0000 0.0000 0.0000 0.0000 0.0000 69.0000 69.0000 0.0000 0.0000 0.0000 0.0000
2023 4 3 0 0.0000 126.4800 0.0000 0.0000 0.0000 0.0000 0.0000 69.0000 69.0000 0.0000 0.0000 0.0000 0.0000
2023 4 4 0 0.0000 133.1300 0.0000 0.0000 0.0000 0.0000 0.0000 69.0000 69.0000 0.0000 0.0000 0.0000 0.0000
2023 4 5 0 0.0000 130.9100 0.0000 0.0000 0.0000 0.0000 0.0000 69.0000 69.0000 0.0000 0.0000 0.0000 0.0000
2023 4 6 0 0.0000 125.8900 0.0000 0.0000 0.0000 0.0000 0.0000 69.0000 69.0000 0.0000 0.0000 0.0000 0.0000
2023 4 7 0 0.0000 117.9200 0.0000 0.0000 0.0000 0.0000 0.0000 69.0000 69.0000 0.0000 0.0000 0.0000 0.0000
2023 4 8 0 0.0000 120.6500 0.0000 0.0000 0.0000 0.0000 0.0000 69.0000 69.0000 0.0000 0.0000 0.0000 0.0000
2023 4 9 0 0.0000 110.2100 0.0000 0.0000 0.0000 0.0000 0.0000 69.0000 69.0000 0.0000 0.0000 0.0000 0.0000
2023 4 10 0 0.0000 54.3700 0.0000 0.0000 0.0000 0.0000 0.0000 69.0000 69.0000 0.0000 0.0000 0.0000 0.0000
2023 4 11 0 0.4130 84.4600 0.0700 0.4130 0.0000 75.8398 1.0000 68.9659 69.0000 0.8979 0.0000 74.8398 0.0252
2023 4 12 0 4.7200 111.9800 0.8000 4.7200 0.0000 7168.4723 0.0000 64.5443 69.0000 64.0156 0.0000 7168.4723 0.1570
2023 4 13 0 4.7200 107.2100 0.8000 4.7200 0.0000 6863.1174 0.0000 64.5443 69.0000 64.0156 0.0000 6863.1174 0.1570
2023 4 14 0 4.7200 118.9300 0.8000 4.7200 0.0000 7613.3808 0.0000 64.5443 69.0000 64.0156 0.0000 7613.3808 0.1570
2023 4 15 0 4.7200 111.6600 0.8000 4.7200 0.0000 7147.9873 0.0000 64.5443 69.0000 64.0156 0.0000 7147.9873 0.1570
2023 4 16 0 4.7200 115.1500 0.8000 4.7200 0.0000 7371.4017 0.0000 64.5443 69.0000 64.0156 0.0000 7371.4017 0.1570
2023 4 17 0 4.7200 125.4800 0.8000 4.7200 0.0000 8032.6835 0.0000 64.5443 69.0000 64.0156 0.0000 8032.6835 0.1570
2023 4 18 0 4.7200 114.7600 0.8000 4.7200 0.0000 7346.4357 0.0000 64.5443 69.0000 64.0156 0.0000 7346.4357 0.1570
2023 4 19 0 4.7200 108.7500 0.8000 4.7200 0.0000 6961.7015 0.0000 64.5443 69.0000 64.0156 0.0000 6961.7015 0.1570
2023 4 20 0 4.7200 111.1600 0.8000 4.7200 0.0000 7115.9794 0.0000 64.5443 69.0000 64.0156 0.0000 7115.9794 0.1570
2023 4 21 0 4.7200 107.9900 0.8000 4.7200 0.0000 6913.0495 0.0000 64.5443 69.0000 64.0156 0.0000 6913.0495 0.1570
2023 4 22 0 4.7200 98.4000 0.8000 4.7200 0.0000 6299.1397 0.0000 64.5443 69.0000 64.0156 0.0000 6299.1397 0.1570
2023 4 23 0 4.7200 97.8600 0.8000 4.7200 0.0000 6264.5712 0.0000 64.5443 69.0000 64.0156 0.0000 6264.5712 0.1570
2023 4 24 0 4.7200 116.5300 0.8000 4.7200 0.0000 7459.7432 0.0000 64.5443 69.0000 64.0156 0.0000 7459.7432 0.1570
2023 4 25 0 4.7200 104.4700 0.8000 4.7200 0.0000 6687.7146 0.0000 64.5443 69.0000 64.0156 0.0000 6687.7146 0.1570
2023 4 26 0 4.7200 114.3700 0.8000 4.7200 0.0000 7321.4696 0.0000 64.5443 69.0000 64.0156 0.0000 7321.4696 0.1570
2023 4 27 0 4.7200 123.3800 0.8000 4.7200 0.0000 7898.2502 0.0000 64.5443 69.0000 64.0156 0.0000 7898.2502 0.1570
2023 4 28 0 4.7200 121.7100 0.8000 4.7200 0.0000 7791.3442 0.0000 64.5443 69.0000 64.0156 0.0000 7791.3442 0.1570
2023 4 29 0 4.7200 112.7000 0.8000 4.7200 0.0000 7214.5631 0.0000 64.5443 69.0000 64.0156 0.0000 7214.5631 0.1570
2023 4 30 0 4.7200 99.7900 0.8000 4.7200 0.0000 6388.1214 0.0000 64.5443 69.0000 64.0156 0.0000 6388.1214 0.1570
2023 5 1 0 4.7200 106.3400 0.8000 4.7200 0.0000 6807.4236 0.0000 64.5443 69.0000 64.0156 0.0000 6807.4236 0.1570
2023 5 2 0 4.7200 121.7900 0.8000 4.7200 0.0000 7796.4656 0.0000 64.5443 69.0000 64.0156 0.0000 7796.4656 0.1570
2023 5 3 0 4.7200 118.1800 0.8000 4.7200 0.0000 7565.3691 0.0000 64.5443 69.0000 64.0156 0.0000 7565.3691 0.1570
2023 5 4 0 4.7200 112.1600 0.8000 4.7200 0.0000 7179.9951 0.0000 64.5443 69.0000 64.0156 0.0000 7179.9951 0.1570
2023 5 5 0 4.7200 97.5700 0.8000 4.7200 0.0000 6246.0066 0.0000 64.5443 69.0000 64.0156 0.0000 6246.0066 0.1570
2023 5 6 0 4.7200 94.9300 0.8000 4.7200 0.0000 6077.0053 0.0000 64.5443 69.0000 64.0156 0.0000 6077.0053 0.1570
2023 5 7 0 4.7200 88.0500 0.8000 4.7200 0.0000 5636.5778 0.0000 64.5443 69.0000 64.0156 0.0000 5636.5778 0.1570
2023 5 8 0 4.7200 102.0400 0.8000 4.7200 0.0000 6532.1566 0.0000 64.5443 69.0000 64.0156 0.0000 6532.1566 0.1570
2023 5 9 0 4.7200 96.1600 0.8000 4.7200 0.0000 6155.7448 0.0000 64.5443 69.0000 64.0156 0.0000 6155.7448 0.1570
2023 5 10 0 4.7200 94.0200 0.8000 4.7200 0.0000 6018.7508 0.0000 64.5443 69.0000 64.0156 0.0000 6018.7508 0.1570
2023 5 11 0 1.3570 101.3600 0.2300 1.3570 0.0000 977.8282 0.0000 68.6317 69.0000 9.6471 0.0000 977.8282 0.0823
2023 5 12 0 0.0000 91.5000 0.0000 0.0000 0.0000 0.0000 1.0000 69.0000 69.0000 0.0000 0.0000 -1.0000 0.0000
2023 5 13 0 0.0000 74.6100 0.0000 0.0000 0.0000 0.0000 0.0000 69.0000 69.0000 0.0000 0.0000 0.0000 0.0000
2023 5 14 0 0.0000 72.7500 0.0000 0.0000 0.0000 0.0000 0.0000 69.0000 69.0000 0.0000 0.0000 0.0000 0.0000
2023 5 15 0 0.0000 94.8900 0.0000 0.0000 0.0000 0.0000 0.0000 69.0000 69.0000 0.0000 0.0000 0.0000 0.0000
2023 5 16 0 0.0000 63.0700 0.0000 0.0000 0.0000 0.0000 0.0000 69.0000 69.0000 0.0000 0.0000 0.0000 0.0000
2023 5 17 0 0.0000 54.3000 0.0000 0.0000 0.0000 0.0000 0.0000 69.0000 69.0000 0.0000 0.0000 0.0000 0.0000
2023 5 18 0 0.0000 88.1100 0.0000 0.0000 0.0000 0.0000 0.0000 69.0000 69.0000 0.0000 0.0000 0.0000 0.0000
2023 5 19 0 0.0000 92.9400 0.0000 0.0000 0.0000 0.0000 0.0000 69.0000 69.0000 0.0000 0.0000 0.0000 0.0000
2023 5 20 0 0.0000 52.6300 0.0000 0.0000 0.0000 0.0000 0.0000 69.0000 69.0000 0.0000 0.0000 0.0000 0.0000
2023 5 21 0 0.0000 37.1300 0.0000 0.0000 0.0000 0.0000 0.0000 69.0000 69.0000 0.0000 0.0000 0.0000 0.0000
2023 5 22 0 0.0000 84.4700 0.0000 0.0000 0.0000 0.0000 0.0000 69.0000 69.0000 0.0000 0.0000 0.0000 0.0000
2023 5 23 0 0.0000 63.0000 0.0000 0.0000 0.0000 0.0000 0.0000 69.0000 69.0000 0.0000 0.0000 0.0000 0.0000
2023 5 24 0 0.0000 82.4800 0.0000 0.0000 0.0000 0.0000 0.0000 69.0000 69.0000 0.0000 0.0000 0.0000 0.0000
2023 5 25 0 0.0000 57.6600 0.0000 0.0000 0.0000 0.0000 0.0000 69.0000 69.0000 0.0000 0.0000 0.0000 0.0000
2023 5 26 0 0.0000 61.9200 0.0000 0.0000 0.0000 0.0000 0.0000 69.0000 69.0000 0.0000 0.0000 0.0000 0.0000
2023 5 27 0 0.0000 61.7400 0.0000 0.0000 0.0000 0.0000 0.0000 69.0000 69.0000 0.0000 0.0000 0.0000 0.0000
2023 5 28 0 0.0000 48.1500 0.0000 0.0000 0.0000 0.0000 0.0000 69.0000 69.0000 0.0000 0.0000 0.0000 0.0000
2023 5 29 0 0.0000 41.9900 0.0000 0.0000 0.0000 0.0000 0.0000 69.0000 69.0000 0.0000 0.0000 0.0000 0.0000
2023 5 30 0 0.0000 85.7800 0.0000 0.0000 0.0000 0.0000 0.0000 69.0000 69.0000 0.0000 0.0000 0.0000 0.0000
2023 5 31 0 0.0000 60.1500 0.0000 0.0000 0.0000 0.0000 0.0000 69.0000 69.0000 0.0000 0.0000 0.0000 0.0000
2023 6 1 0 0.0000 67.1300 0.0000 0.0000 0.0000 0.0000 0.0000 69.0000 69.0000 0.0000 0.0000 0.0000 0.0000
2023 6 2 0 0.0000 80.9600 0.0000 0.0000 0.0000 0.0000 0.0000 69.0000 69.0000 0.0000 0.0000 0.0000 0.0000
2023 6 3 0 0.0000 62.3200 0.0000 0.0000 0.0000 0.0000 0.0000 69.0000 69.0000 0.0000 0.0000 0.0000 0.0000
2023 6 4 0 0.0000 61.2100 0.0000 0.0000 0.0000 0.0000 0.0000 69.0000 69.0000 0.0000 0.0000 0.0000 0.0000
2023 6 5 0 0.0000 87.8500 0.0000 0.0000 0.0000 0.0000 0.0000 69.0000 69.0000 0.0000 0.0000 0.0000 0.0000
2023 6 6 0 0.0000 90.1800 0.0000 0.0000 0.0000 0.0000 0.0000 69.0000 69.0000 0.0000 0.0000 0.0000 0.0000
2023 6 7 0 0.0000 96.7800 0.0000 0.0000 0.0000 0.0000 0.0000 69.0000 69.0000 0.0000 0.0000 0.0000 0.0000
2023 6 8 0 0.0000 89.0900 0.0000 0.0000 0.0000 0.0000 0.0000 69.0000 69.0000 0.0000 0.0000 0.0000 0.0000
2023 6 9 0 0.0000 88.9200 0.0000 0.0000 0.0000 0.0000 0.0000 69.0000 69.0000 0.0000 0.0000 0.0000 0.0000
2023 6 10 0 0.0000 61.8300 0.0000 0.0000 0.0000 0.0000 0.0000 69.0000 69.0000 0.0000 0.0000 0.0000 0.0000
2023 6 11 0 0.0000 47.6500 0.0000 0.0000 0.0000 0.0000 0.0000 69.0000 69.0000 0.0000 0.0000 0.0000 0.0000
2023 6 12 0 0.0000 88.7900 0.0000 0.0000 0.0000 0.0000 0.0000 69.0000 69.0000 0.0000 0.0000 0.0000 0.0000
2023 6 13 0 0.0000 99.0700 0.0000 0.0000 0.0000 0.0000 0.0000 69.0000 69.0000 0.0000 0.0000 0.0000 0.0000
2023 6 14 0 0.0000 105.6600 0.0000 0.0000 0.0000 0.0000 0.0000 69.0000 69.0000 0.0000 0.0000 0.0000 0.0000
2023 6 15 0 0.0000 116.5000 0.0000 0.0000 0.0000 0.0000 0.0000 69.0000 69.0000 0.0000 0.0000 0.0000 0.0000
2023 6 16 0 0.0000 123.1200 0.0000 0.0000 0.0000 0.0000 0.0000 69.0000 69.0000 0.0000 0.0000 0.0000 0.0000
2023 6 17 0 0.0000 107.5100 0.0000 0.0000 0.0000 0.0000 0.0000 69.0000 69.0000 0.0000 0.0000 0.0000 0.0000
2023 6 18 0 0.0000 102.7200 0.0000 0.0000 0.0000 0.0000 0.0000 69.0000 69.0000 0.0000 0.0000 0.0000 0.0000
2023 6 19 0 0.0000 116.7200 0.0000 0.0000 0.0000 0.0000 0.0000 69.0000 69.0000 0.0000 0.0000 0.0000 0.0000
2023 6 20 0 0.0000 131.3100 0.0000 0.0000 0.0000 0.0000 0.0000 69.0000 69.0000 0.0000 0.0000 0.0000 0.0000
2023 6 21 0 0.0000 131.9100 0.0000 0.0000 0.0000 0.0000 0.0000 69.0000 69.0000 0.0000 0.0000 0.0000 0.0000
2023 6 22 0 0.0000 129.3300 0.0000 0.0000 0.0000 0.0000 0.0000 69.0000 69.0000 0.0000 0.0000 0.0000 0.0000
2023 6 23 0 0.0000 112.7300 0.0000 0.0000 0.0000 0.0000 0.0000 69.0000 69.0000 0.0000 0.0000 0.0000 0.0000
2023 6 24 0 0.0000 91.6000 0.0000 0.0000 0.0000 0.0000 0.0000 69.0000 69.0000 0.0000 0.0000 0.0000 0.0000
2023 6 25 0 0.0000 78.9200 0.0000 0.0000 0.0000 0.0000 0.0000 69.0000 69.0000 0.0000 0.0000 0.0000 0.0000
2023 6 26 0 0.0000 97.3600 0.0000 0.0000 0.0000 0.0000 0.0000 69.0000 69.0000 0.0000 0.0000 0.0000 0.0000
2023 6 27 0 0.0000 97.1000 0.0000 0.0000 0.0000 0.0000 0.0000 69.0000 69.0000 0.0000 0.0000 0.0000 0.0000
2023 6 28 0 0.0000 110.3800 0.0000 0.0000 0.0000 0.0000 0.0000 69.0000 69.0000 0.0000 0.0000 0.0000 0.0000
2023 6 29 0 0.0000 115.5800 0.0000 0.0000 0.0000 0.0000 0.0000 69.0000 69.0000 0.0000 0.0000 0.0000 0.0000
2023 6 30 0 0.0000 106.1600 0.0000 0.0000 0.0000 0.0000 0.0000 69.0000 69.0000 0.0000 0.0000 0.0000 0.0000
2023 7 1 0 0.0000 61.0800 0.0000 0.0000 0.0000 0.0000 0.0000 69.0000 69.0000 0.0000 0.0000 0.0000 0.0000
2023 7 2 0 0.0000 15.9100 0.0000 0.0000 0.0000 0.0000 0.0000 69.0000 69.0000 0.0000 0.0000 0.0000 0.0000
2023 7 3 0 0.0000 50.3200 0.0000 0.0000 0.0000 0.0000 0.0000 69.0000 69.0000 0.0000 0.0000 0.0000 0.0000
2023 7 4 0 0.0000 83.2500 0.0000 0.0000 0.0000 0.0000 0.0000 69.0000 69.0000 0.0000 0.0000 0.0000 0.0000
2023 7 5 0 0.0000 80.5300 0.0000 0.0000 0.0000 0.0000 0.0000 69.0000 69.0000 0.0000 0.0000 0.0000 0.0000
2023 7 6 0 0.0000 96.7500 0.0000 0.0000 0.0000 0.0000 0.0000 69.0000 69.0000 0.0000 0.0000 0.0000 0.0000
2023 7 7 0 0.0000 101.0400 0.0000 0.0000 0.0000 0.0000 0.0000 69.0000 69.0000 0.0000 0.0000 0.0000 0.0000
2023 7 8 0 0.0000 87.4600 0.0000 0.0000 0.0000 0.0000 0.0000 69.0000 69.0000 0.0000 0.0000 0.0000 0.0000
2023 7 9 0 0.0000 94.0500 0.0000 0.0000 0.0000 0.0000 0.0000 69.0000 69.0000 0.0000 0.0000 0.0000 0.0000
2023 7 10 0 0.0000 98.2100 0.0000 0.0000 0.0000 0.0000 0.0000 69.0000 69.0000 0.0000 0.0000 0.0000 0.0000
2023 7 11 0 0.0000 89.8900 0.0000 0.0000 0.0000 0.0000 0.0000 69.0000 69.0000 0.0000 0.0000 0.0000 0.0000
2023 7 12 0 0.0000 76.6900 0.0000 0.0000 0.0000 0.0000 0.0000 69.0000 69.0000 0.0000 0.0000 0.0000 0.0000
2023 7 13 0 0.0000 83.4900 0.0000 0.0000 0.0000 0.0000 0.0000 69.0000 69.0000 0.0000 0.0000 0.0000 0.0000
2023 7 14 0 0.0000 85.4800 0.0000 0.0000 0.0000 0.0000 0.0000 69.0000 69.0000 0.0000 0.0000 0.0000 0.0000
2023 7 15 0 0.0000 33.3300 0.0000 0.0000 0.0000 0.0000 0.0000 69.0000 69.0000 0.0000 0.0000 0.0000 0.0000
2023 7 16 0 0.0000 17.8600 0.0000 0.0000 0.0000 0.0000 0.0000 69.0000 69.0000 0.0000 0.0000 0.0000 0.0000
2023 7 17 0 0.0000 30.5600 0.0000 0.0000 0.0000 0.0000 0.0000 69.0000 69.0000 0.0000 0.0000 0.0000 0.0000
2023 7 18 0 0.0000 64.7000 0.0000 0.0000 0.0000 0.0000 0.0000 69.0000 69.0000 0.0000 0.0000 0.0000 0.0000
2023 7 19 0 4.7200 77.7600 0.8000 4.7200 0.0000 4977.8568 1.0000 64.5443 69.0000 64.0156 0.0000 4976.8568 0.1570
2023 7 20 0 4.7200 64.6700 0.8000 4.7200 0.0000 4139.8917 0.0000 64.5443 69.0000 64.0156 0.0000 4139.8917 0.1570
2023 7 21 0 4.7200 83.1300 0.8000 4.7200 0.0000 5321.6205 0.0000 64.5443 69.0000 64.0156 0.0000 5321.6205 0.1570
2023 7 22 0 4.7200 75.6300 0.8000 4.7200 0.0000 4841.5031 0.0000 64.5443 69.0000 64.0156 0.0000 4841.5031 0.1570
2023 7 23 0 4.7200 33.2000 0.8000 4.7200 0.0000 2125.3195 0.0000 64.5443 69.0000 64.0156 0.0000 2125.3195 0.1570
2023 7 24 0 4.7200 69.9000 0.8000 4.7200 0.0000 4474.6938 0.0000 64.5443 69.0000 64.0156 0.0000 4474.6938 0.1570
2023 7 25 0 4.7200 60.2500 0.8000 4.7200 0.0000 3856.9427 0.0000 64.5443 69.0000 64.0156 0.0000 3856.9427 0.1570
2023 7 26 0 4.7200 69.5200 0.8000 4.7200 0.0000 4450.3675 0.0000 64.5443 69.0000 64.0156 0.0000 4450.3675 0.1570
2023 7 27 0 4.7200 87.3400 0.8000 4.7200 0.0000 5591.1263 0.0000 64.5443 69.0000 64.0156 0.0000 5591.1263 0.1570
2023 7 28 0 4.7200 86.7600 0.8000 4.7200 0.0000 5553.9976 0.0000 64.5443 69.0000 64.0156 0.0000 5553.9976 0.1570
2023 7 29 0 4.7200 74.6100 0.8000 4.7200 0.0000 4776.2074 0.0000 64.5443 69.0000 64.0156 0.0000 4776.2074 0.1570
2023 7 30 0 4.7200 39.5200 0.8000 4.7200 0.0000 2529.8984 0.0000 64.5443 69.0000 64.0156 0.0000 2529.8984 0.1570
2023 7 31 0 4.7200 69.3300 0.8000 4.7200 0.0000 4438.2049 0.0000 64.5443 69.0000 64.0156 0.0000 4438.2049 0.1570
2023 8 1 0 4.7200 73.8700 0.8000 4.7200 0.0000 4728.8359 0.0000 64.5443 69.0000 64.0156 0.0000 4728.8359 0.1570
2023 8 2 0 4.7200 64.7500 0.8000 4.7200 0.0000 4145.0131 0.0000 64.5443 69.0000 64.0156 0.0000 4145.0131 0.1570
2023 8 3 0 4.7200 43.5500 0.8000 4.7200 0.0000 2787.8813 0.0000 64.5443 69.0000 64.0156 0.0000 2787.8813 0.1570
2023 8 4 0 4.7200 62.1300 0.8000 4.7200 0.0000 3977.2922 0.0000 64.5443 69.0000 64.0156 0.0000 3977.2922 0.1570
2023 8 5 0 4.7200 76.9400 0.8000 4.7200 0.0000 4925.3640 0.0000 64.5443 69.0000 64.0156 0.0000 4925.3640 0.1570
2023 8 6 0 4.7200 57.5500 0.8000 4.7200 0.0000 3684.1004 0.0000 64.5443 69.0000 64.0156 0.0000 3684.1004 0.1570
2023 8 7 0 4.7200 16.8300 0.8000 4.7200 0.0000 1077.3833 0.0000 64.5443 69.0000 64.0156 0.0000 1077.3833 0.1570
2023 8 8 0 4.7200 0.0400 0.8000 4.7200 0.0000 2.5606 0.0000 64.5443 69.0000 64.0156 0.0000 2.5606 0.1570
2023 8 9 0 4.7200 14.7000 0.8000 4.7200 0.0000 941.0300 0.0000 64.5443 69.0000 64.0156 0.0000 941.0300 0.1570
2023 8 10 0 4.7200 51.2900 0.8000 4.7200 0.0000 3283.3625 0.0000 64.5443 69.0000 64.0156 0.0000 3283.3625 0.1570
2023 8 11 0 4.7200 72.3800 0.8000 4.7200 0.0000 4633.4523 0.0000 64.5443 69.0000 64.0156 0.0000 4633.4523 0.1570
2023 8 12 0 4.7200 69.7000 0.8000 4.7200 0.0000 4461.8903 0.0000 64.5443 69.0000 64.0156 0.0000 4461.8903 0.1570
2023 8 13 0 4.7200 63.1900 0.8000 4.7200 0.0000 4045.1486 0.0000 64.5443 69.0000 64.0156 0.0000 4045.1486 0.1570
2023 8 14 0 4.7200 85.9500 0.8000 4.7200 0.0000 5502.1446 0.0000 64.5443 69.0000 64.0156 0.0000 5502.1446 0.1570
2023 8 15 0 4.7200 82.7300 0.8000 4.7200 0.0000 5296.0146 0.0000 64.5443 69.0000 64.0156 0.0000 5296.0146 0.1570
2023 8 16 0 4.7200 93.5300 0.8000 4.7200 0.0000 5987.3833 0.0000 64.5443 69.0000 64.0156 0.0000 5987.3833 0.1570
2023 8 17 0 4.7200 92.9900 0.8000 4.7200 0.0000 5952.8148 0.0000 64.5443 69.0000 64.0156 0.0000 5952.8148 0.1570
2023 8 18 0 4.7200 84.3900 0.8000 4.7200 0.0000 5402.2803 0.0000 64.5443 69.0000 64.0156 0.0000 5402.2803 0.1570
2023 8 19 0 4.7200 48.8800 0.8000 4.7200 0.0000 3129.0848 0.0000 64.5443 69.0000 64.0156 0.0000 3129.0848 0.1570
2023 8 20 0 4.7200 75.6000 0.8000 4.7200 0.0000 4839.5827 0.0000 64.5443 69.0000 64.0156 0.0000 4839.5827 0.1570
2023 8 21 0 4.7200 88.4800 0.8000 4.7200 0.0000 5664.1046 0.0000 64.5443 69.0000 64.0156 0.0000 5664.1046 0.1570
2023 8 22 0 4.7200 92.0800 0.8000 4.7200 0.0000 5894.5608 0.0000 64.5443 69.0000 64.0156 0.0000 5894.5608 0.1570
2023 8 23 0 4.7200 99.5400 0.8000 4.7200 0.0000 6372.1175 0.0000 64.5443 69.0000 64.0156 0.0000 6372.1175 0.1570
2023 8 24 0 4.7200 99.6900 0.8000 4.7200 0.0000 6381.7199 0.0000 64.5443 69.0000 64.0156 0.0000 6381.7199 0.1570
2023 8 25 0 4.7200 93.1800 0.8000 4.7200 0.0000 5964.9779 0.0000 64.5443 69.0000 64.0156 0.0000 5964.9779 0.1570
2023 8 26 0 4.7200 87.9600 0.8000 4.7200 0.0000 5630.8162 0.0000 64.5443 69.0000 64.0156 0.0000 5630.8162 0.1570
2023 8 27 0 4.7200 89.4800 0.8000 4.7200 0.0000 5728.1202 0.0000 64.5443 69.0000 64.0156 0.0000 5728.1202 0.1570
2023 8 28 0 4.7200 91.8000 0.8000 4.7200 0.0000 5876.6365 0.0000 64.5443 69.0000 64.0156 0.0000 5876.6365 0.1570
2023 8 29 0 4.7200 95.0600 0.8000 4.7200 0.0000 6085.3272 0.0000 64.5443 69.0000 64.0156 0.0000 6085.3272 0.1570
2023 8 30 0 4.7200 99.5900 0.8000 4.7200 0.0000 6375.3180 0.0000 64.5443 69.0000 64.0156 0.0000 6375.3180 0.1570
2023 8 31 0 4.7200 97.2200 0.8000 4.7200 0.0000 6223.6012 0.0000 64.5443 69.0000 64.0156 0.0000 6223.6012 0.1570
