RESERVOIR node 3 GRESSE
reservoir_init_fr= 0.80000
yyyy mm dd hh [m3/s] [Euro/MWh] [fr] [m3/s] [Mm3] [masl] [fr] [Euro]         [m3/s]     [m3/s]    [m3/s]   [m3/s]    [m3/s] 
yyyy mm dd hh Inflow Price Action Up_Inflow Res_Mm3 Res_masl Res_fr lrw_cost tunnelflow hatchflow overflow auto_qmin tot_outflow
2022 9 1 0 0.2200 564.8800 0.0000 0.0000 155.7710 747.2747 0.8003 0.0000 0.0000 0.0000 0.0000 0.0000 0.0000 
2022 9 2 0 0.2000 425.8500 0.0000 0.0000 155.7883 747.2772 0.8006 0.0000 0.0000 0.0000 0.0000 0.0000 0.0000 
2022 9 3 0 0.1800 383.9200 0.0000 0.0000 155.8038 747.2794 0.8008 0.0000 0.0000 0.0000 0.0000 0.0000 0.0000 
2022 9 4 0 0.2100 310.1000 0.6300 0.0000 155.4954 747.2354 0.7958 0.0000 3.7800 0.0000 0.0000 0.0000 3.7800 
2022 9 5 0 0.2300 388.8400 0.8000 0.0000 155.1005 747.1792 0.7894 0.0000 4.8000 0.0000 0.0000 0.0000 4.8000 
2022 9 6 0 0.2700 414.3500 0.8000 0.0000 154.7092 747.1234 0.7830 0.0000 4.8000 0.0000 0.0000 0.0000 4.8000 
2022 9 7 0 0.2700 451.5300 0.8000 0.0000 154.3178 747.0676 0.7767 0.0000 4.8000 0.0000 0.0000 0.0000 4.8000 
2022 9 8 0 0.2400 426.5600 0.8000 0.0000 153.9238 747.0115 0.7702 0.0000 4.8000 0.0000 0.0000 0.0000 4.8000 
2022 9 9 0 0.2200 352.9300 0.8000 0.0000 153.5281 746.9551 0.7638 0.0000 4.8000 0.0000 0.0000 0.0000 4.8000 
2022 9 10 0 0.2300 410.9400 0.8000 0.0000 153.1332 746.8988 0.7574 0.0000 4.8000 0.0000 0.0000 0.0000 4.8000 
2022 9 11 0 0.2600 400.0100 0.8000 0.0000 152.7410 746.8429 0.7510 0.0000 4.8000 0.0000 0.0000 0.0000 4.8000 
2022 9 12 0 0.4300 407.9500 0.8000 0.0000 152.3634 746.7891 0.7448 0.0000 4.8000 0.0000 0.0000 0.0000 4.8000 
2022 9 13 0 1.3000 382.5800 0.8000 0.0000 152.0610 746.7460 0.7399 0.0000 4.8000 0.0000 0.0000 0.0000 4.8000 
2022 9 14 0 0.8900 425.5000 0.8000 0.0000 151.7232 746.6978 0.7344 0.0000 4.8000 0.0000 0.0000 0.0000 4.8000 
2022 9 15 0 0.7300 355.8200 0.8000 0.0000 151.3715 746.6477 0.7287 0.0000 4.8000 0.0000 0.0000 0.0000 4.8000 
2022 9 16 0 0.5900 329.3900 0.8000 0.0000 151.0078 746.5959 0.7228 0.0000 4.8000 0.0000 0.0000 0.0000 4.8000 
2022 9 17 0 0.4800 246.9600 0.8000 0.0000 150.6345 746.5427 0.7167 0.0000 4.8000 0.0000 0.0000 0.0000 4.8000 
2022 9 18 0 0.3900 117.5900 0.8000 0.0000 150.2535 746.4884 0.7105 0.0000 4.8000 0.0000 0.0000 0.0000 4.8000 
2022 9 19 0 0.3300 288.3300 0.8000 0.0000 149.8673 746.4333 0.7042 0.0000 4.8000 0.0000 0.0000 0.0000 4.8000 
2022 9 20 0 0.2900 380.8200 0.8000 0.0000 149.4776 746.3778 0.6979 0.0000 4.8000 0.0000 0.0000 0.0000 4.8000 
2022 9 21 0 0.2700 388.8300 0.8000 0.0000 149.0862 746.3220 0.6915 0.0000 4.8000 0.0000 0.0000 0.0000 4.8000 
2022 9 22 0 0.2500 378.9000 0.8000 0.0000 148.6931 746.2660 0.6851 0.0000 4.8000 0.0000 0.0000 0.0000 4.8000 
2022 9 23 0 0.2600 359.9800 0.8000 0.0000 148.3009 746.2101 0.6787 0.0000 4.8000 0.0000 0.0000 0.0000 4.8000 
2022 9 24 0 0.2700 350.7100 0.8000 0.0000 147.9095 746.1543 0.6724 0.0000 4.8000 0.0000 0.0000 0.0000 4.8000 
2022 9 25 0 1.0400 299.0800 0.8000 0.0000 147.5846 746.1080 0.6671 0.0000 4.8000 0.0000 0.0000 0.0000 4.8000 
2022 9 26 0 1.8000 259.4000 0.8000 0.0000 147.3254 746.0711 0.6628 0.0000 4.8000 0.0000 0.0000 0.0000 4.8000 
2022 9 27 0 2.4100 306.8900 0.8000 0.0000 147.1189 746.0417 0.6595 0.0000 4.8000 0.0000 0.0000 0.0000 4.8000 
2022 9 28 0 3.7300 308.5200 0.8000 0.0000 147.0265 746.0285 0.6580 0.0000 4.8000 0.0000 0.0000 0.0000 4.8000 
2022 9 29 0 2.5300 347.1000 0.8000 0.0000 146.8303 746.0005 0.6548 0.0000 4.8000 0.0000 0.0000 0.0000 4.8000 
2022 9 30 0 1.9000 278.9700 0.8000 0.0000 146.5798 745.9648 0.6507 0.0000 4.8000 0.0000 0.0000 0.0000 4.8000 
2022 10 1 0 3.7600 90.2400 0.8000 0.0000 146.4899 745.9520 0.6492 0.0000 4.8000 0.0000 0.0000 0.0000 4.8000 
2022 10 2 0 4.1900 182.7200 0.8000 0.0000 146.4372 745.9445 0.6484 0.0000 4.8000 0.0000 0.0000 0.0000 4.8000 
2022 10 3 0 3.5100 234.6000 0.8000 0.0000 146.3258 745.9286 0.6466 0.0000 4.8000 0.0000 0.0000 0.0000 4.8000 
2022 10 4 0 3.2600 199.0100 0.8000 0.0000 146.1927 745.9096 0.6444 0.0000 4.8000 0.0000 0.0000 0.0000 4.8000 
2022 10 5 0 5.9200 51.1100 0.8000 0.0000 146.2895 745.9234 0.6460 0.0000 4.8000 0.0000 0.0000 0.0000 4.8000 
2022 10 6 0 8.5500 23.8700 0.8000 0.0000 146.6135 745.9696 0.6513 0.0000 4.8000 0.0000 0.0000 0.0000 4.8000 
2022 10 7 0 4.0200 30.2900 0.8000 0.0000 146.5461 745.9600 0.6502 0.0000 4.8000 0.0000 0.0000 0.0000 4.8000 
2022 10 8 0 3.6300 53.3800 0.8000 0.0000 146.4450 745.9456 0.6485 0.0000 4.8000 0.0000 0.0000 0.0000 4.8000 
2022 10 9 0 2.8700 91.9400 0.8000 0.0000 146.2782 745.9218 0.6458 0.0000 4.8000 0.0000 0.0000 0.0000 4.8000 
2022 10 10 0 2.4900 137.7100 0.8000 0.0000 146.0787 745.8934 0.6426 0.0000 4.8000 0.0000 0.0000 0.0000 4.8000 
2022 10 11 0 2.4000 174.3200 0.8000 0.0000 145.8713 745.8638 0.6392 0.0000 4.8000 0.0000 0.0000 0.0000 4.8000 
2022 10 12 0 2.0400 199.9900 0.8000 0.0000 145.6328 745.8299 0.6353 0.0000 4.8000 0.0000 0.0000 0.0000 4.8000 
2022 10 13 0 1.8400 233.6000 0.8000 0.0000 145.3771 745.7934 0.6311 0.0000 4.8000 0.0000 0.0000 0.0000 4.8000 
2022 10 14 0 1.6100 217.2400 0.8000 0.0000 145.1015 745.7541 0.6267 0.0000 4.8000 0.0000 0.0000 0.0000 4.8000 
2022 10 15 0 2.6200 154.6600 0.8000 0.0000 144.9131 745.7273 0.6236 0.0000 4.8000 0.0000 0.0000 0.0000 4.8000 
2022 10 16 0 3.1000 113.2100 0.8000 0.0000 144.7662 745.7064 0.6212 0.0000 4.8000 0.0000 0.0000 0.0000 4.8000 
2022 10 17 0 2.9300 146.2200 0.8000 0.0000 144.6047 745.6833 0.6186 0.0000 4.8000 0.0000 0.0000 0.0000 4.8000 
2022 10 18 0 2.7600 163.8200 0.8000 0.0000 144.4284 745.6582 0.6157 0.0000 4.8000 0.0000 0.0000 0.0000 4.8000 
2022 10 19 0 2.3800 159.7000 0.8000 0.0000 144.2193 745.6284 0.6123 0.0000 4.8000 0.0000 0.0000 0.0000 4.8000 
2022 10 20 0 1.9500 142.1100 0.8000 0.0000 143.9731 745.5933 0.6083 0.0000 4.8000 0.0000 0.0000 0.0000 4.8000 
2022 10 21 0 1.6600 157.4800 0.8000 0.0000 143.7018 745.5546 0.6039 0.0000 4.8000 0.0000 0.0000 0.0000 4.8000 
2022 10 22 0 1.5200 142.0700 0.8000 0.0000 143.4184 745.5143 0.5993 0.0000 4.8000 0.0000 0.0000 0.0000 4.8000 
2022 10 23 0 2.6800 99.6700 0.8000 0.0000 143.2352 745.4882 0.5963 0.0000 4.8000 0.0000 0.0000 0.0000 4.8000 
2022 10 24 0 3.4600 85.2000 0.8000 0.0000 143.1195 745.4717 0.5944 0.0000 4.8000 0.0000 0.0000 0.0000 4.8000 
2022 10 25 0 2.7800 110.5100 0.8000 0.0000 142.9449 745.4468 0.5916 0.0000 4.8000 0.0000 0.0000 0.0000 4.8000 
2022 10 26 0 5.9200 121.4900 0.8000 0.0000 143.0417 745.4606 0.5931 0.0000 4.8000 0.0000 0.0000 0.0000 4.8000 
2022 10 27 0 3.5700 117.6600 0.8000 0.0000 142.9354 745.4454 0.5914 0.0000 4.8000 0.0000 0.0000 0.0000 4.8000 
2022 10 28 0 2.7300 103.2200 0.8000 0.0000 142.7566 745.4199 0.5885 0.0000 4.8000 0.0000 0.0000 0.0000 4.8000 
2022 10 29 0 3.2000 101.6200 0.8000 0.0000 142.6183 745.4002 0.5862 0.0000 4.8000 0.0000 0.0000 0.0000 4.8000 
2022 10 30 0 2.9100 117.9300 0.8000 0.0000 142.4550 745.3770 0.5836 0.0000 4.8000 0.0000 0.0000 0.0000 4.8000 
2022 10 31 0 1.9200 144.1300 0.8000 0.0000 142.2062 745.3415 0.5795 0.0000 4.8000 0.0000 0.0000 0.0000 4.8000 
2022 11 1 0 1.9600 72.4900 0.8000 0.0000 141.9608 745.3065 0.5755 0.0000 4.8000 0.0000 0.0000 0.0000 4.8000 
2022 11 2 0 3.2300 71.1700 0.8000 0.0000 141.8252 745.2872 0.5733 0.0000 4.8000 0.0000 0.0000 0.0000 4.8000 
2022 11 3 0 6.3800 86.5000 0.8000 0.0000 141.9617 745.3067 0.5755 0.0000 4.8000 0.0000 0.0000 0.0000 4.8000 
2022 11 4 0 6.3900 72.6700 0.8000 0.0000 142.0991 745.3262 0.5778 0.0000 4.8000 0.0000 0.0000 0.0000 4.8000 
2022 11 5 0 5.5100 47.6500 0.8000 0.0000 142.1604 745.3350 0.5788 0.0000 4.8000 0.0000 0.0000 0.0000 4.8000 
2022 11 6 0 4.1000 35.7500 0.8000 0.0000 142.0999 745.3264 0.5778 0.0000 4.8000 0.0000 0.0000 0.0000 4.8000 
2022 11 7 0 5.3400 43.8300 0.8000 0.0000 142.1466 745.3330 0.5786 0.0000 4.8000 0.0000 0.0000 0.0000 4.8000 
2022 11 8 0 4.5900 51.0900 0.8000 0.0000 142.1284 745.3304 0.5783 0.0000 4.8000 0.0000 0.0000 0.0000 4.8000 
2022 11 9 0 5.4200 42.5700 0.8000 0.0000 142.1820 745.3381 0.5791 0.0000 4.8000 0.0000 0.0000 0.0000 4.8000 
2022 11 10 0 4.1700 27.4000 0.8000 0.0000 142.1276 745.3303 0.5782 0.0000 4.8000 0.0000 0.0000 0.0000 4.8000 
2022 11 11 0 3.3600 2.0000 0.8000 0.0000 142.0032 745.3126 0.5762 0.0000 4.8000 0.0000 0.0000 0.0000 4.8000 
2022 11 12 0 2.7300 2.3700 0.8000 0.0000 141.8243 745.2871 0.5733 0.0000 4.8000 0.0000 0.0000 0.0000 4.8000 
2022 11 13 0 2.3000 29.9300 0.8000 0.0000 141.6083 745.2563 0.5698 0.0000 4.8000 0.0000 0.0000 0.0000 4.8000 
2022 11 14 0 2.1300 53.6800 0.8000 0.0000 141.3776 745.2234 0.5660 0.0000 4.8000 0.0000 0.0000 0.0000 4.8000 
2022 11 15 0 2.6500 53.7500 0.8000 0.0000 141.1919 745.1969 0.5630 0.0000 4.8000 0.0000 0.0000 0.0000 4.8000 
2022 11 16 0 3.7400 27.6900 0.8000 0.0000 141.1003 745.1839 0.5615 0.0000 4.8000 0.0000 0.0000 0.0000 4.8000 
2022 11 17 0 6.5400 48.9100 0.8000 0.0000 141.2506 745.2053 0.5640 0.0000 4.8000 0.0000 0.0000 0.0000 4.8000 
2022 11 18 0 3.3700 113.7000 0.8000 0.0000 141.1271 745.1877 0.5620 0.0000 4.8000 0.0000 0.0000 0.0000 4.8000 
2022 11 19 0 2.1100 167.1000 0.8000 0.0000 140.8947 745.1546 0.5582 0.0000 4.8000 0.0000 0.0000 0.0000 4.8000 
2022 11 20 0 2.1700 162.8400 0.8000 0.0000 140.6674 745.1222 0.5545 0.0000 4.8000 0.0000 0.0000 0.0000 4.8000 
2022 11 21 0 1.5500 209.5500 0.8000 0.0000 140.3866 745.0822 0.5499 0.0000 4.8000 0.0000 0.0000 0.0000 4.8000 
2022 11 22 0 1.3100 174.4300 0.8000 0.0000 140.0851 745.0392 0.5450 0.0000 4.8000 0.0000 0.0000 0.0000 4.8000 
2022 11 23 0 1.5600 149.8400 0.8000 0.0000 139.8052 744.9993 0.5404 0.0000 4.8000 0.0000 0.0000 0.0000 4.8000 
2022 11 24 0 1.7100 172.1800 0.8000 0.0000 139.5382 744.9598 0.5361 0.0000 4.8000 0.0000 0.0000 0.0000 4.8000 
2022 11 25 0 2.6600 200.3300 0.8000 0.0000 139.3533 744.9325 0.5331 0.0000 4.8000 0.0000 0.0000 0.0000 4.8000 
2022 11 26 0 3.7600 196.0200 0.8000 0.0000 139.2634 744.9192 0.5316 0.0000 4.8000 0.0000 0.0000 0.0000 4.8000 
2022 11 27 0 4.1100 146.0400 0.8000 0.0000 139.2038 744.9104 0.5307 0.0000 4.8000 0.0000 0.0000 0.0000 4.8000 
2022 11 28 0 5.3800 195.3000 0.8000 0.0000 139.2539 744.9178 0.5315 0.0000 4.8000 0.0000 0.0000 0.0000 4.8000 
2022 11 29 0 3.6400 362.5600 0.8000 0.0000 139.1537 744.9030 0.5298 0.0000 4.8000 0.0000 0.0000 0.0000 4.8000 
2022 11 30 0 2.4600 364.6000 0.8000 0.0000 138.9515 744.8731 0.5266 0.0000 4.8000 0.0000 0.0000 0.0000 4.8000 
2022 12 1 0 1.8700 349.6500 0.8000 0.0000 138.6984 744.8357 0.5224 0.0000 4.8000 0.0000 0.0000 0.0000 4.8000 
2022 12 2 0 1.5600 324.9900 0.8000 0.0000 138.4184 744.7943 0.5179 0.0000 4.8000 0.0000 0.0000 0.0000 4.8000 
2022 12 3 0 1.3200 268.8200 0.8000 0.0000 138.1178 744.7499 0.5130 0.0000 4.8000 0.0000 0.0000 0.0000 4.8000 
2022 12 4 0 1.2000 271.5000 0.8000 0.0000 137.8067 744.7039 0.5079 0.0000 4.8000 0.0000 0.0000 0.0000 4.8000 
2022 12 5 0 1.1100 290.7800 0.8000 0.0000 137.4879 744.6567 0.5027 0.0000 4.8000 0.0000 0.0000 0.0000 4.8000 
2022 12 6 0 1.1000 346.8000 0.8000 0.0000 137.1682 744.6095 0.4975 0.0000 4.8000 0.0000 0.0000 0.0000 4.8000 
2022 12 7 0 1.0700 334.1100 0.8000 0.0000 136.8460 744.5619 0.4923 0.0000 4.8000 0.0000 0.0000 0.0000 4.8000 
2022 12 8 0 1.1300 399.0300 0.8000 0.0000 136.5289 744.5150 0.4871 0.0000 4.8000 0.0000 0.0000 0.0000 4.8000 
2022 12 9 0 1.2200 418.6900 0.8000 0.0000 136.2196 744.4693 0.4821 0.0000 4.8000 0.0000 0.0000 0.0000 4.8000 
2022 12 10 0 1.2200 362.9800 0.8000 0.0000 135.9102 744.4235 0.4771 0.0000 4.8000 0.0000 0.0000 0.0000 4.8000 
2022 12 11 0 1.3000 338.6100 0.8000 0.0000 135.6078 744.3788 0.4721 0.0000 4.8000 0.0000 0.0000 0.0000 4.8000 
2022 12 12 0 1.3100 446.1100 0.8000 0.0000 135.3063 744.3343 0.4672 0.0000 4.8000 0.0000 0.0000 0.0000 4.8000 
2022 12 13 0 1.2500 458.6300 0.8000 0.0000 134.9996 744.2889 0.4622 0.0000 4.8000 0.0000 0.0000 0.0000 4.8000 
2022 12 14 0 1.1800 451.4100 0.8000 0.0000 134.6868 744.2427 0.4571 0.0000 4.8000 0.0000 0.0000 0.0000 4.8000 
2022 12 15 0 1.0900 396.6100 0.8000 0.0000 134.3663 744.1953 0.4519 0.0000 4.8000 0.0000 0.0000 0.0000 4.8000 
2022 12 16 0 1.0100 413.8400 0.8000 0.0000 134.0388 744.1469 0.4466 0.0000 4.8000 0.0000 0.0000 0.0000 4.8000 
2022 12 17 0 0.9700 254.6500 0.8000 0.0000 133.7079 744.0980 0.4412 0.0000 4.8000 0.0000 0.0000 0.0000 4.8000 
2022 12 18 0 0.9900 206.4000 0.8000 0.0000 133.3787 744.0493 0.4359 0.0000 4.8000 0.0000 0.0000 0.0000 4.8000 
2022 12 19 0 1.0500 211.4800 0.8000 0.0000 133.0547 744.0014 0.4306 0.0000 4.8000 0.0000 0.0000 0.0000 4.8000 
2022 12 20 0 1.2400 205.2500 0.8000 0.0000 132.7471 743.9560 0.4256 0.0000 4.8000 0.0000 0.0000 0.0000 4.8000 
2022 12 21 0 1.9200 223.3000 0.8000 0.0000 132.4983 743.9192 0.4215 0.0000 4.8000 0.0000 0.0000 0.0000 4.8000 
2022 12 22 0 1.9600 201.9700 0.8000 0.0000 132.2529 743.8829 0.4175 0.0000 4.8000 0.0000 0.0000 0.0000 4.8000 
2022 12 23 0 1.4900 193.2900 0.8000 0.0000 131.9669 743.8406 0.4129 0.0000 4.8000 0.0000 0.0000 0.0000 4.8000 
2022 12 24 0 1.0900 142.3700 0.8000 0.0000 131.6464 743.7933 0.4077 0.0000 4.8000 0.0000 0.0000 0.0000 4.8000 
2022 12 25 0 0.9200 129.4400 0.8000 0.0000 131.3112 743.7437 0.4022 0.0000 4.8000 0.0000 0.0000 0.0000 4.8000 
2022 12 26 0 1.7200 111.7200 0.8000 0.0000 131.0451 743.7044 0.3979 0.0000 4.8000 0.0000 0.0000 0.0000 4.8000 
2022 12 27 0 1.4700 141.3500 0.8000 0.0000 130.7573 743.6618 0.3932 0.0000 4.8000 0.0000 0.0000 0.0000 4.8000 
2022 12 28 0 1.0900 122.1300 0.8000 0.0000 130.4368 743.6145 0.3880 0.0000 4.8000 0.0000 0.0000 0.0000 4.8000 
2022 12 29 0 1.0600 96.2800 0.8000 0.0000 130.1137 743.5667 0.3827 0.0000 4.8000 0.0000 0.0000 0.0000 4.8000 
2022 12 30 0 0.9800 100.4100 0.8000 0.0000 129.7836 743.5179 0.3773 0.0000 4.8000 0.0000 0.0000 0.0000 4.8000 
2022 12 31 0 1.3300 116.2200 0.8000 0.0000 129.4838 743.4736 0.3725 0.0000 4.8000 0.0000 0.0000 0.0000 4.8000 
2023 1 1 0 1.0700 112.5700 0.8000 0.0000 129.1615 743.4259 0.3672 0.0000 4.8000 0.0000 0.0000 0.0000 4.8000 
2023 1 2 0 0.9300 149.2600 0.8000 0.0000 128.8272 743.3765 0.3618 0.0000 4.8000 0.0000 0.0000 0.0000 4.8000 
2023 1 3 0 0.8300 154.5400 0.8000 0.0000 128.4842 743.3258 0.3562 0.0000 4.8000 0.0000 0.0000 0.0000 4.8000 
2023 1 4 0 0.7800 114.6400 0.8000 0.0000 128.1368 743.2745 0.3505 0.0000 4.8000 0.0000 0.0000 0.0000 4.8000 
2023 1 5 0 0.9900 144.1600 0.8000 0.0000 127.8076 743.2258 0.3452 0.0000 4.8000 0.0000 0.0000 0.0000 4.8000 
2023 1 6 0 0.8600 126.0400 0.8000 0.0000 127.4672 743.1755 0.3396 0.0000 4.8000 0.0000 0.0000 0.0000 4.8000 
2023 1 7 0 0.8900 102.5400 0.8000 0.0000 127.1294 743.1256 0.3341 0.0000 4.8000 0.0000 0.0000 0.0000 4.8000 
2023 1 8 0 2.0200 75.8000 0.8000 0.0000 126.8892 743.0901 0.3302 0.0000 4.8000 0.0000 0.0000 0.0000 4.8000 
2023 1 9 0 3.0200 133.2800 0.8000 0.0000 126.7354 743.0673 0.3277 0.0000 4.8000 0.0000 0.0000 0.0000 4.8000 
2023 1 10 0 2.2000 130.4400 0.8000 0.0000 126.5108 743.0341 0.3241 0.0000 4.8000 0.0000 0.0000 0.0000 4.8000 
2023 1 11 0 1.8000 96.6800 0.8000 0.0000 126.2516 742.9957 0.3198 0.0000 4.8000 0.0000 0.0000 0.0000 4.8000 
2023 1 12 0 1.5500 89.9500 0.8000 0.0000 125.9708 742.9531 0.3153 0.0000 4.8000 0.0000 0.0000 0.0000 4.8000 
2023 1 13 0 1.3100 82.8000 0.8000 0.0000 125.6692 742.9074 0.3104 0.0000 4.8000 0.0000 0.0000 0.0000 4.8000 
2023 1 14 0 1.1300 94.7100 0.8000 0.0000 125.3522 742.8593 0.3052 0.0000 4.8000 0.0000 0.0000 0.0000 4.8000 
2023 1 15 0 1.0600 70.7800 0.8000 0.0000 125.0290 742.8103 0.3000 0.0000 4.8000 0.0000 0.0000 0.0000 4.8000 
2023 1 16 0 1.0300 139.7600 0.8000 0.0000 124.7033 742.7609 0.2946 0.0000 4.8000 0.0000 0.0000 0.0000 4.8000 
2023 1 17 0 0.9700 134.1900 0.8000 0.0000 124.3724 742.7107 0.2893 0.0000 4.8000 0.0000 0.0000 0.0000 4.8000 
2023 1 18 0 0.9800 138.3800 0.8000 0.0000 124.0423 742.6607 0.2839 0.0000 4.8000 0.0000 0.0000 0.0000 4.8000 
2023 1 19 0 0.8500 148.5600 0.8000 0.0000 123.7011 742.6090 0.2783 0.0000 4.8000 0.0000 0.0000 0.0000 4.8000 
2023 1 20 0 0.8200 162.5000 0.8000 0.0000 123.3572 742.5568 0.2727 0.0000 4.8000 0.0000 0.0000 0.0000 4.8000 
2023 1 21 0 0.7700 150.1900 0.8000 0.0000 123.0090 742.5040 0.2671 0.0000 4.8000 0.0000 0.0000 0.0000 4.8000 
2023 1 22 0 0.7600 151.8000 0.8000 0.0000 122.6599 742.4511 0.2614 0.0000 4.8000 0.0000 0.0000 0.0000 4.8000 
2023 1 23 0 0.8500 197.7300 0.8000 0.0000 122.3187 742.3993 0.2558 0.0000 4.8000 0.0000 0.0000 0.0000 4.8000 
2023 1 24 0 0.7700 184.5400 0.8000 0.0000 121.9705 742.3465 0.2502 0.0000 4.8000 0.0000 0.0000 0.0000 4.8000 
2023 1 25 0 0.7900 137.5700 0.8000 0.0000 121.6240 742.2940 0.2445 0.0000 4.8000 0.0000 0.0000 0.0000 4.8000 
2023 1 26 0 0.9000 132.3800 0.8000 0.0000 121.2870 742.2429 0.2390 0.0000 4.8000 0.0000 0.0000 0.0000 4.8000 
2023 1 27 0 0.8600 154.0500 0.4300 0.0000 121.1384 742.2204 0.2366 0.0000 2.5800 0.0000 0.0000 0.0000 2.5800 
2023 1 28 0 0.7900 116.8100 0.0000 0.0000 121.2067 742.2307 0.2377 0.0000 0.0000 0.0000 0.0000 0.0000 0.0000 
2023 1 29 0 0.7400 102.3700 0.0000 0.0000 121.2706 742.2404 0.2388 0.0000 0.0000 0.0000 0.0000 0.0000 0.0000 
2023 1 30 0 0.8300 90.0000 0.0000 0.0000 121.3423 742.2513 0.2399 0.0000 0.0000 0.0000 0.0000 0.0000 0.0000 
2023 1 31 0 0.7900 105.1200 0.0000 0.0000 121.4106 742.2617 0.2411 0.0000 0.0000 0.0000 0.0000 0.0000 0.0000 
2023 2 1 0 0.7300 103.8300 0.0000 0.0000 121.4737 742.2712 0.2421 0.0000 0.0000 0.0000 0.0000 0.0000 0.0000 
2023 2 2 0 0.8600 145.2800 0.0000 0.0000 121.5480 742.2825 0.2433 0.0000 0.0000 0.0000 0.0000 0.0000 0.0000 
2023 2 3 0 0.7400 113.1000 0.0000 0.0000 121.6119 742.2922 0.2443 0.0000 0.0000 0.0000 0.0000 0.0000 0.0000 
2023 2 4 0 0.6200 138.8200 0.0000 0.0000 121.6655 742.3003 0.2452 0.0000 0.0000 0.0000 0.0000 0.0000 0.0000 
2023 2 5 0 0.5800 122.8300 0.0000 0.0000 121.7156 742.3079 0.2460 0.0000 0.0000 0.0000 0.0000 0.0000 0.0000 
2023 2 6 0 0.5400 161.3800 0.0000 0.0000 121.7622 742.3150 0.2468 0.0000 0.0000 0.0000 0.0000 0.0000 0.0000 
2023 2 7 0 0.5100 132.4500 0.0000 0.0000 121.8063 742.3217 0.2475 0.0000 0.0000 0.0000 0.0000 0.0000 0.0000 
2023 2 8 0 0.4900 120.3300 0.0000 0.0000 121.8486 742.3281 0.2482 0.0000 0.0000 0.0000 0.0000 0.0000 0.0000 
2023 2 9 0 0.5600 98.3400 0.0000 0.0000 121.8970 742.3354 0.2490 0.0000 0.0000 0.0000 0.0000 0.0000 0.0000 
2023 2 10 0 0.6000 97.5400 0.0000 0.0000 121.9489 742.3433 0.2498 0.0000 0.0000 0.0000 0.0000 0.0000 0.0000 
2023 2 11 0 0.6400 94.6300 0.0000 0.0000 122.0042 742.3517 0.2507 0.0000 0.0000 0.0000 0.0000 0.0000 0.0000 
2023 2 12 0 0.6800 111.6200 0.0000 0.0000 122.0629 742.3606 0.2517 0.0000 0.0000 0.0000 0.0000 0.0000 0.0000 
2023 2 13 0 0.6800 115.7800 0.0000 0.0000 122.1217 742.3695 0.2526 0.0000 0.0000 0.0000 0.0000 0.0000 0.0000 
2023 2 14 0 0.6700 140.8300 0.0000 0.0000 122.1796 742.3782 0.2536 0.0000 0.0000 0.0000 0.0000 0.0000 0.0000 
2023 2 15 0 0.5700 122.5300 0.0000 0.0000 122.2288 742.3857 0.2544 0.0000 0.0000 0.0000 0.0000 0.0000 0.0000 
2023 2 16 0 0.5200 120.9800 0.0000 0.0000 122.2737 742.3925 0.2551 0.0000 0.0000 0.0000 0.0000 0.0000 0.0000 
2023 2 17 0 0.6200 92.1200 0.0000 0.0000 122.3273 742.4007 0.2560 0.0000 0.0000 0.0000 0.0000 0.0000 0.0000 
2023 2 18 0 0.6700 97.8800 0.0000 0.0000 122.3852 742.4094 0.2569 0.0000 0.0000 0.0000 0.0000 0.0000 0.0000 
2023 2 19 0 0.7100 107.6300 0.0000 0.0000 122.4465 742.4187 0.2579 0.0000 0.0000 0.0000 0.0000 0.0000 0.0000 
2023 2 20 0 0.7600 77.5600 0.0000 0.0000 122.5122 742.4287 0.2590 0.0000 0.0000 0.0000 0.0000 0.0000 0.0000 
2023 2 21 0 0.8100 106.7100 0.0000 0.0000 122.5822 742.4393 0.2601 0.0000 0.0000 0.0000 0.0000 0.0000 0.0000 
2023 2 22 0 0.7100 118.3800 0.0000 0.0000 122.6435 742.4486 0.2611 0.0000 0.0000 0.0000 0.0000 0.0000 0.0000 
2023 2 23 0 0.7400 116.1600 0.0000 0.0000 122.7075 742.4583 0.2622 0.0000 0.0000 0.0000 0.0000 0.0000 0.0000 
2023 2 24 0 0.7400 103.8000 0.0000 0.0000 122.7714 742.4680 0.2632 0.0000 0.0000 0.0000 0.0000 0.0000 0.0000 
2023 2 25 0 0.8800 97.6000 0.0000 0.0000 122.8474 742.4795 0.2644 0.0000 0.0000 0.0000 0.0000 0.0000 0.0000 
2023 2 26 0 1.1600 111.9200 0.0000 0.0000 122.9476 742.4947 0.2661 0.0000 0.0000 0.0000 0.0000 0.0000 0.0000 
2023 2 27 0 1.3000 124.5700 0.0000 0.0000 123.0600 742.5117 0.2679 0.0000 0.0000 0.0000 0.0000 0.0000 0.0000 
2023 2 28 0 1.1100 124.0900 0.0000 0.0000 123.1559 742.5263 0.2695 0.0000 0.0000 0.0000 0.0000 0.0000 0.0000 
2023 3 1 0 0.9900 130.8400 0.0000 0.0000 123.2414 742.5393 0.2709 0.0000 0.0000 0.0000 0.0000 0.0000 0.0000 
2023 3 2 0 0.9000 120.4000 0.0000 0.0000 123.3192 742.5510 0.2721 0.0000 0.0000 0.0000 0.0000 0.0000 0.0000 
2023 3 3 0 0.8100 115.5800 0.0000 0.0000 123.3892 742.5617 0.2733 0.0000 0.0000 0.0000 0.0000 0.0000 0.0000 
2023 3 4 0 0.7800 112.2200 0.0000 0.0000 123.4565 742.5719 0.2744 0.0000 0.0000 0.0000 0.0000 0.0000 0.0000 
2023 3 5 0 0.8000 129.9600 0.0000 0.0000 123.5257 742.5824 0.2755 0.0000 0.0000 0.0000 0.0000 0.0000 0.0000 
2023 3 6 0 0.6300 153.1300 0.0000 0.0000 123.5801 742.5906 0.2764 0.0000 0.0000 0.0000 0.0000 0.0000 0.0000 
2023 3 7 0 0.4800 116.0800 0.0000 0.0000 123.6216 742.5969 0.2770 0.0000 0.0000 0.0000 0.0000 0.0000 0.0000 
2023 3 8 0 0.4900 150.8300 0.0000 0.0000 123.6639 742.6033 0.2777 0.0000 0.0000 0.0000 0.0000 0.0000 0.0000 
2023 3 9 0 0.4300 138.5100 0.0000 0.0000 123.7011 742.6090 0.2783 0.0000 0.0000 0.0000 0.0000 0.0000 0.0000 
2023 3 10 0 0.3900 127.3700 0.0000 0.0000 123.7348 742.6141 0.2789 0.0000 0.0000 0.0000 0.0000 0.0000 0.0000 
2023 3 11 0 0.3600 110.5300 0.0000 0.0000 123.7659 742.6188 0.2794 0.0000 0.0000 0.0000 0.0000 0.0000 0.0000 
2023 3 12 0 0.3900 106.8200 0.0000 0.0000 123.7996 742.6239 0.2799 0.0000 0.0000 0.0000 0.0000 0.0000 0.0000 
2023 3 13 0 0.3900 94.6800 0.0000 0.0000 123.8332 742.6290 0.2805 0.0000 0.0000 0.0000 0.0000 0.0000 0.0000 
2023 3 14 0 0.3900 102.8300 0.0000 0.0000 123.8669 742.6341 0.2810 0.0000 0.0000 0.0000 0.0000 0.0000 0.0000 
2023 3 15 0 0.3600 121.6400 0.0000 0.0000 123.8980 742.6388 0.2815 0.0000 0.0000 0.0000 0.0000 0.0000 0.0000 
2023 3 16 0 0.3400 112.8100 0.0000 0.0000 123.9274 742.6433 0.2820 0.0000 0.0000 0.0000 0.0000 0.0000 0.0000 
2023 3 17 0 0.3700 104.1500 0.0000 0.0000 123.9594 742.6481 0.2825 0.0000 0.0000 0.0000 0.0000 0.0000 0.0000 
2023 3 18 0 0.4500 109.0000 0.0000 0.0000 123.9983 742.6540 0.2832 0.0000 0.0000 0.0000 0.0000 0.0000 0.0000 
2023 3 19 0 0.4400 110.0900 0.0000 0.0000 124.0363 742.6598 0.2838 0.0000 0.0000 0.0000 0.0000 0.0000 0.0000 
2023 3 20 0 0.4900 116.7600 0.0000 0.0000 124.0786 742.6662 0.2845 0.0000 0.0000 0.0000 0.0000 0.0000 0.0000 
2023 3 21 0 0.5000 111.3100 0.0000 0.0000 124.1218 742.6728 0.2852 0.0000 0.0000 0.0000 0.0000 0.0000 0.0000 
2023 3 22 0 0.5000 92.3600 0.0000 0.0000 124.1650 742.6793 0.2859 0.0000 0.0000 0.0000 0.0000 0.0000 0.0000 
2023 3 23 0 0.5700 86.1100 0.0000 0.0000 124.2143 742.6868 0.2867 0.0000 0.0000 0.0000 0.0000 0.0000 0.0000 
2023 3 24 0 0.7300 83.8300 0.0000 0.0000 124.2773 742.6963 0.2877 0.0000 0.0000 0.0000 0.0000 0.0000 0.0000 
2023 3 25 0 0.8900 73.3600 0.0000 0.0000 124.3542 742.7080 0.2890 0.0000 0.0000 0.0000 0.0000 0.0000 0.0000 
2023 3 26 0 0.9400 92.4600 0.0000 0.0000 124.4355 742.7203 0.2903 0.0000 0.0000 0.0000 0.0000 0.0000 0.0000 
2023 3 27 0 0.9800 100.9400 0.0000 0.0000 124.5201 742.7332 0.2917 0.0000 0.0000 0.0000 0.0000 0.0000 0.0000 
2023 3 28 0 0.9900 123.8500 0.0000 0.0000 124.6057 742.7461 0.2931 0.0000 0.0000 0.0000 0.0000 0.0000 0.0000 
2023 3 29 0 0.8200 127.0200 0.0000 0.0000 124.6765 742.7569 0.2942 0.0000 0.0000 0.0000 0.0000 0.0000 0.0000 
2023 3 30 0 0.7700 103.7800 0.0000 0.0000 124.7430 742.7670 0.2953 0.0000 0.0000 0.0000 0.0000 0.0000 0.0000 
2023 3 31 0 1.4300 111.8200 0.0000 0.0000 124.8666 742.7857 0.2973 0.0000 0.0000 0.0000 0.0000 0.0000 0.0000 
2023 4 1 0 3.5900 97.9300 0.0000 0.0000 125.1768 742.8327 0.3024 0.0000 0.0000 0.0000 0.0000 0.0000 0.0000 
2023 4 2 0 3.3400 105.1000 0.0000 0.0000 125.4653 742.8765 0.3071 0.0000 0.0000 0.0000 0.0000 0.0000 0.0000 
2023 4 3 0 2.2400 126.4800 0.0000 0.0000 125.6589 742.9058 0.3102 0.0000 0.0000 0.0000 0.0000 0.0000 0.0000 
2023 4 4 0 1.4400 133.1300 0.0000 0.0000 125.7833 742.9247 0.3122 0.0000 0.0000 0.0000 0.0000 0.0000 0.0000 
2023 4 5 0 1.2000 130.9100 0.0000 0.0000 125.8870 742.9404 0.3139 0.0000 0.0000 0.0000 0.0000 0.0000 0.0000 
2023 4 6 0 1.0600 125.8900 0.0000 0.0000 125.9786 742.9543 0.3154 0.0000 0.0000 0.0000 0.0000 0.0000 0.0000 
2023 4 7 0 0.9000 117.9200 0.0000 0.0000 126.0563 742.9661 0.3167 0.0000 0.0000 0.0000 0.0000 0.0000 0.0000 
2023 4 8 0 0.8000 120.6500 0.0000 0.0000 126.1254 742.9766 0.3178 0.0000 0.0000 0.0000 0.0000 0.0000 0.0000 
2023 4 9 0 0.7500 110.2100 0.0000 0.0000 126.1902 742.9864 0.3189 0.0000 0.0000 0.0000 0.0000 0.0000 0.0000 
2023 4 10 0 0.7800 54.3700 0.0000 0.0000 126.2576 742.9966 0.3199 0.0000 0.0000 0.0000 0.0000 0.0000 0.0000 
2023 4 11 0 2.3700 84.4600 0.0700 0.0000 126.4261 743.0216 0.3227 0.0000 0.4200 0.0000 0.0000 0.0000 0.4200 
2023 4 12 0 2.1200 111.9800 0.8000 0.0000 126.1946 742.9870 0.3189 0.0000 4.8000 0.0000 0.0000 0.0000 4.8000 
2023 4 13 0 2.1100 107.2100 0.8000 0.0000 125.9621 742.9518 0.3151 0.0000 4.8000 0.0000 0.0000 0.0000 4.8000 
2023 4 14 0 2.4400 118.9300 0.8000 0.0000 125.7582 742.9209 0.3118 0.0000 4.8000 0.0000 0.0000 0.0000 4.8000 
2023 4 15 0 2.3500 111.6600 0.8000 0.0000 125.5466 742.8888 0.3084 0.0000 4.8000 0.0000 0.0000 0.0000 4.8000 
2023 4 16 0 2.3500 115.1500 0.8000 0.0000 125.3349 742.8567 0.3049 0.0000 4.8000 0.0000 0.0000 0.0000 4.8000 
2023 4 17 0 2.4900 125.4800 0.8000 0.0000 125.1353 742.8264 0.3017 0.0000 4.8000 0.0000 0.0000 0.0000 4.8000 
2023 4 18 0 2.6600 114.7600 0.8000 0.0000 124.9504 742.7984 0.2987 0.0000 4.8000 0.0000 0.0000 0.0000 4.8000 
2023 4 19 0 2.8300 108.7500 0.8000 0.0000 124.7802 742.7726 0.2959 0.0000 4.8000 0.0000 0.0000 0.0000 4.8000 
2023 4 20 0 3.1800 111.1600 0.8000 0.0000 124.6402 742.7514 0.2936 0.0000 4.8000 0.0000 0.0000 0.0000 4.8000 
2023 4 21 0 3.6800 107.9900 0.8000 0.0000 124.5435 742.7367 0.2920 0.0000 4.8000 0.0000 0.0000 0.0000 4.8000 
2023 4 22 0 4.2000 98.4000 0.8000 0.0000 124.4916 742.7288 0.2912 0.0000 4.8000 0.0000 0.0000 0.0000 4.8000 
2023 4 23 0 5.2100 97.8600 0.8000 0.0000 124.5270 742.7342 0.2918 0.0000 4.8000 0.0000 0.0000 0.0000 4.8000 
2023 4 24 0 5.2200 116.5300 0.8000 0.0000 124.5633 742.7397 0.2924 0.0000 4.8000 0.0000 0.0000 0.0000 4.8000 
2023 4 25 0 4.7200 104.4700 0.8000 0.0000 124.5564 742.7387 0.2923 0.0000 4.8000 0.0000 0.0000 0.0000 4.8000 
2023 4 26 0 4.0500 114.3700 0.8000 0.0000 124.4916 742.7288 0.2912 0.0000 4.8000 0.0000 0.0000 0.0000 4.8000 
2023 4 27 0 3.3500 123.3800 0.8000 0.0000 124.3663 742.7098 0.2892 0.0000 4.8000 0.0000 0.0000 0.0000 4.8000 
2023 4 28 0 2.9200 121.7100 0.8000 0.0000 124.2039 742.6852 0.2865 0.0000 4.8000 0.0000 0.0000 0.0000 4.8000 
2023 4 29 0 2.6800 112.7000 0.8000 0.0000 124.0207 742.6574 0.2835 0.0000 4.8000 0.0000 0.0000 0.0000 4.8000 
2023 4 30 0 2.5200 99.7900 0.8000 0.0000 123.8237 742.6276 0.2803 0.0000 4.8000 0.0000 0.0000 0.0000 4.8000 
2023 5 1 0 2.4400 106.3400 0.8000 0.0000 123.6198 742.5966 0.2770 0.0000 4.8000 0.0000 0.0000 0.0000 4.8000 
2023 5 2 0 2.5200 121.7900 0.8000 0.0000 123.4228 742.5668 0.2738 0.0000 4.8000 0.0000 0.0000 0.0000 4.8000 
2023 5 3 0 2.6500 118.1800 0.8000 0.0000 123.2371 742.5386 0.2708 0.0000 4.8000 0.0000 0.0000 0.0000 4.8000 
2023 5 4 0 2.7100 112.1600 0.8000 0.0000 123.0565 742.5112 0.2678 0.0000 4.8000 0.0000 0.0000 0.0000 4.8000 
2023 5 5 0 2.5700 97.5700 0.8000 0.0000 122.8638 742.4820 0.2647 0.0000 4.8000 0.0000 0.0000 0.0000 4.8000 
2023 5 6 0 2.3700 94.9300 0.8000 0.0000 122.6539 742.4502 0.2613 0.0000 4.8000 0.0000 0.0000 0.0000 4.8000 
2023 5 7 0 2.2900 88.0500 0.8000 0.0000 122.4370 742.4173 0.2578 0.0000 4.8000 0.0000 0.0000 0.0000 4.8000 
2023 5 8 0 2.4900 102.0400 0.8000 0.0000 122.2374 742.3870 0.2545 0.0000 4.8000 0.0000 0.0000 0.0000 4.8000 
2023 5 9 0 3.3800 96.1600 0.8000 0.0000 122.1148 742.3684 0.2525 0.0000 4.8000 0.0000 0.0000 0.0000 4.8000 
2023 5 10 0 5.7400 94.0200 0.8000 0.0000 122.1960 742.3807 0.2538 0.0000 4.8000 0.0000 0.0000 0.0000 4.8000 
2023 5 11 0 6.6700 101.3600 0.2300 0.0000 122.6530 742.4500 0.2613 0.0000 1.3800 0.0000 0.0000 0.0000 1.3800 
2023 5 12 0 7.9200 91.5000 0.0000 0.0000 123.3373 742.5538 0.2724 0.0000 0.0000 0.0000 0.0000 0.0000 0.0000 
2023 5 13 0 8.5000 74.6100 0.0000 0.0000 124.0717 742.6652 0.2844 0.0000 0.0000 0.0000 0.0000 0.0000 0.0000 
2023 5 14 0 8.4000 72.7500 0.0000 0.0000 124.7975 742.7752 0.2962 0.0000 0.0000 0.0000 0.0000 0.0000 0.0000 
2023 5 15 0 9.6000 94.8900 0.0000 0.0000 125.6269 742.9010 0.3097 0.0000 0.0000 0.0000 0.0000 0.0000 0.0000 
2023 5 16 0 11.3100 63.0700 0.0000 0.0000 126.6041 743.0479 0.3256 0.0000 0.0000 0.0000 0.0000 0.0000 0.0000 
2023 5 17 0 9.2400 54.3000 0.0000 0.0000 127.4024 743.1659 0.3386 0.0000 0.0000 0.0000 0.0000 0.0000 0.0000 
2023 5 18 0 7.1800 88.1100 0.0000 0.0000 128.0228 743.2576 0.3487 0.0000 0.0000 0.0000 0.0000 0.0000 0.0000 
2023 5 19 0 6.2500 92.9400 0.0000 0.0000 128.5628 743.3374 0.3575 0.0000 0.0000 0.0000 0.0000 0.0000 0.0000 
2023 5 20 0 6.1700 52.6300 0.0000 0.0000 129.0959 743.4162 0.3661 0.0000 0.0000 0.0000 0.0000 0.0000 0.0000 
2023 5 21 0 5.8700 37.1300 0.0000 0.0000 129.6030 743.4912 0.3744 0.0000 0.0000 0.0000 0.0000 0.0000 0.0000 
2023 5 22 0 5.7300 84.4700 0.0000 0.0000 130.0981 743.5644 0.3825 0.0000 0.0000 0.0000 0.0000 0.0000 0.0000 
2023 5 23 0 7.2200 63.0000 0.0000 0.0000 130.7219 743.6566 0.3926 0.0000 0.0000 0.0000 0.0000 0.0000 0.0000 
2023 5 24 0 7.3200 82.4800 0.0000 0.0000 131.3544 743.7501 0.4029 0.0000 0.0000 0.0000 0.0000 0.0000 0.0000 
2023 5 25 0 6.7200 57.6600 0.0000 0.0000 131.9350 743.8359 0.4124 0.0000 0.0000 0.0000 0.0000 0.0000 0.0000 
2023 5 26 0 6.6800 61.9200 0.0000 0.0000 132.5121 743.9212 0.4217 0.0000 0.0000 0.0000 0.0000 0.0000 0.0000 
2023 5 27 0 5.9900 61.7400 0.0000 0.0000 133.0297 743.9977 0.4302 0.0000 0.0000 0.0000 0.0000 0.0000 0.0000 
2023 5 28 0 4.8400 48.1500 0.0000 0.0000 133.4478 744.0595 0.4370 0.0000 0.0000 0.0000 0.0000 0.0000 0.0000 
2023 5 29 0 3.6700 41.9900 0.0000 0.0000 133.7649 744.1064 0.4421 0.0000 0.0000 0.0000 0.0000 0.0000 0.0000 
2023 5 30 0 3.0600 85.7800 0.0000 0.0000 134.0293 744.1455 0.4464 0.0000 0.0000 0.0000 0.0000 0.0000 0.0000 
2023 5 31 0 2.6500 60.1500 0.0000 0.0000 134.2583 744.1793 0.4502 0.0000 0.0000 0.0000 0.0000 0.0000 0.0000 
2023 6 1 0 2.3300 67.1300 0.0000 0.0000 134.4596 744.2091 0.4534 0.0000 0.0000 0.0000 0.0000 0.0000 0.0000 
2023 6 2 0 1.9600 80.9600 0.0000 0.0000 134.6289 744.2341 0.4562 0.0000 0.0000 0.0000 0.0000 0.0000 0.0000 
2023 6 3 0 1.6600 62.3200 0.0000 0.0000 134.7724 744.2553 0.4585 0.0000 0.0000 0.0000 0.0000 0.0000 0.0000 
2023 6 4 0 1.4700 61.2100 0.0000 0.0000 134.8994 744.2741 0.4606 0.0000 0.0000 0.0000 0.0000 0.0000 0.0000 
2023 6 5 0 1.3100 87.8500 0.0000 0.0000 135.0125 744.2908 0.4624 0.0000 0.0000 0.0000 0.0000 0.0000 0.0000 
2023 6 6 0 1.1300 90.1800 0.0000 0.0000 135.1102 744.3053 0.4640 0.0000 0.0000 0.0000 0.0000 0.0000 0.0000 
2023 6 7 0 0.9800 96.7800 0.0000 0.0000 135.1948 744.3178 0.4654 0.0000 0.0000 0.0000 0.0000 0.0000 0.0000 
2023 6 8 0 0.8400 89.0900 0.0000 0.0000 135.2674 744.3285 0.4666 0.0000 0.0000 0.0000 0.0000 0.0000 0.0000 
2023 6 9 0 0.7200 88.9200 0.0000 0.0000 135.3296 744.3377 0.4676 0.0000 0.0000 0.0000 0.0000 0.0000 0.0000 
2023 6 10 0 0.6100 61.8300 0.0000 0.0000 135.3823 744.3455 0.4685 0.0000 0.0000 0.0000 0.0000 0.0000 0.0000 
2023 6 11 0 0.5200 47.6500 0.0000 0.0000 135.4273 744.3521 0.4692 0.0000 0.0000 0.0000 0.0000 0.0000 0.0000 
2023 6 12 0 0.4500 88.7900 0.0000 0.0000 135.4661 744.3579 0.4698 0.0000 0.0000 0.0000 0.0000 0.0000 0.0000 
2023 6 13 0 0.4000 99.0700 0.0000 0.0000 135.5007 744.3630 0.4704 0.0000 0.0000 0.0000 0.0000 0.0000 0.0000 
2023 6 14 0 0.3400 105.6600 0.0000 0.0000 135.5301 744.3673 0.4709 0.0000 0.0000 0.0000 0.0000 0.0000 0.0000 
2023 6 15 0 0.3100 116.5000 0.0000 0.0000 135.5569 744.3713 0.4713 0.0000 0.0000 0.0000 0.0000 0.0000 0.0000 
2023 6 16 0 0.2900 123.1200 0.0000 0.0000 135.5819 744.3750 0.4717 0.0000 0.0000 0.0000 0.0000 0.0000 0.0000 
2023 6 17 0 0.2600 107.5100 0.0000 0.0000 135.6044 744.3783 0.4721 0.0000 0.0000 0.0000 0.0000 0.0000 0.0000 
2023 6 18 0 0.2500 102.7200 0.0000 0.0000 135.6260 744.3815 0.4724 0.0000 0.0000 0.0000 0.0000 0.0000 0.0000 
2023 6 19 0 0.2400 116.7200 0.0000 0.0000 135.6467 744.3846 0.4728 0.0000 0.0000 0.0000 0.0000 0.0000 0.0000 
2023 6 20 0 0.2600 131.3100 0.0000 0.0000 135.6692 744.3879 0.4731 0.0000 0.0000 0.0000 0.0000 0.0000 0.0000 
2023 6 21 0 0.3500 131.9100 0.0000 0.0000 135.6994 744.3924 0.4736 0.0000 0.0000 0.0000 0.0000 0.0000 0.0000 
2023 6 22 0 0.9600 129.3300 0.0000 0.0000 135.7824 744.4046 0.4750 0.0000 0.0000 0.0000 0.0000 0.0000 0.0000 
2023 6 23 0 0.7100 112.7300 0.0000 0.0000 135.8437 744.4137 0.4760 0.0000 0.0000 0.0000 0.0000 0.0000 0.0000 
2023 6 24 0 0.5100 91.6000 0.0000 0.0000 135.8878 744.4202 0.4767 0.0000 0.0000 0.0000 0.0000 0.0000 0.0000 
2023 6 25 0 0.3800 78.9200 0.0000 0.0000 135.9206 744.4251 0.4772 0.0000 0.0000 0.0000 0.0000 0.0000 0.0000 
2023 6 26 0 0.3300 97.3600 0.0000 0.0000 135.9491 744.4293 0.4777 0.0000 0.0000 0.0000 0.0000 0.0000 0.0000 
2023 6 27 0 0.3100 97.1000 0.0000 0.0000 135.9759 744.4332 0.4781 0.0000 0.0000 0.0000 0.0000 0.0000 0.0000 
2023 6 28 0 0.3100 110.3800 0.0000 0.0000 136.0027 744.4372 0.4786 0.0000 0.0000 0.0000 0.0000 0.0000 0.0000 
2023 6 29 0 0.3000 115.5800 0.0000 0.0000 136.0286 744.4410 0.4790 0.0000 0.0000 0.0000 0.0000 0.0000 0.0000 
2023 6 30 0 0.3200 106.1600 0.0000 0.0000 136.0563 744.4451 0.4794 0.0000 0.0000 0.0000 0.0000 0.0000 0.0000 
2023 7 1 0 0.2900 61.0800 0.0000 0.0000 136.0813 744.4488 0.4798 0.0000 0.0000 0.0000 0.0000 0.0000 0.0000 
2023 7 2 0 0.3000 15.9100 0.0000 0.0000 136.1072 744.4527 0.4803 0.0000 0.0000 0.0000 0.0000 0.0000 0.0000 
2023 7 3 0 0.3000 50.3200 0.0000 0.0000 136.1332 744.4565 0.4807 0.0000 0.0000 0.0000 0.0000 0.0000 0.0000 
2023 7 4 0 0.3700 83.2500 0.0000 0.0000 136.1651 744.4612 0.4812 0.0000 0.0000 0.0000 0.0000 0.0000 0.0000 
2023 7 5 0 0.3700 80.5300 0.0000 0.0000 136.1971 744.4659 0.4817 0.0000 0.0000 0.0000 0.0000 0.0000 0.0000 
2023 7 6 0 0.4300 96.7500 0.0000 0.0000 136.2342 744.4714 0.4823 0.0000 0.0000 0.0000 0.0000 0.0000 0.0000 
2023 7 7 0 0.5300 101.0400 0.0000 0.0000 136.2800 744.4782 0.4831 0.0000 0.0000 0.0000 0.0000 0.0000 0.0000 
2023 7 8 0 0.8100 87.4600 0.0000 0.0000 136.3500 744.4885 0.4842 0.0000 0.0000 0.0000 0.0000 0.0000 0.0000 
2023 7 9 0 0.8500 94.0500 0.0000 0.0000 136.4235 744.4994 0.4854 0.0000 0.0000 0.0000 0.0000 0.0000 0.0000 
2023 7 10 0 0.7600 98.2100 0.0000 0.0000 136.4891 744.5091 0.4865 0.0000 0.0000 0.0000 0.0000 0.0000 0.0000 
2023 7 11 0 0.7500 89.8900 0.0000 0.0000 136.5539 744.5187 0.4875 0.0000 0.0000 0.0000 0.0000 0.0000 0.0000 
2023 7 12 0 0.9500 76.6900 0.0000 0.0000 136.6360 744.5308 0.4889 0.0000 0.0000 0.0000 0.0000 0.0000 0.0000 
2023 7 13 0 0.8100 83.4900 0.0000 0.0000 136.7060 744.5412 0.4900 0.0000 0.0000 0.0000 0.0000 0.0000 0.0000 
2023 7 14 0 0.6800 85.4800 0.0000 0.0000 136.7647 744.5498 0.4910 0.0000 0.0000 0.0000 0.0000 0.0000 0.0000 
2023 7 15 0 0.8200 33.3300 0.0000 0.0000 136.8356 744.5603 0.4921 0.0000 0.0000 0.0000 0.0000 0.0000 0.0000 
2023 7 16 0 1.6500 17.8600 0.0000 0.0000 136.9781 744.5814 0.4944 0.0000 0.0000 0.0000 0.0000 0.0000 0.0000 
2023 7 17 0 2.3900 30.5600 0.0000 0.0000 137.1846 744.6119 0.4978 0.0000 0.0000 0.0000 0.0000 0.0000 0.0000 
2023 7 18 0 2.0400 64.7000 0.0000 0.0000 137.3609 744.6380 0.5007 0.0000 0.0000 0.0000 0.0000 0.0000 0.0000 
2023 7 19 0 1.5800 77.7600 0.8000 0.0000 137.0827 744.5968 0.4961 0.0000 4.8000 0.0000 0.0000 0.0000 4.8000 
2023 7 20 0 1.3000 64.6700 0.8000 0.0000 136.7803 744.5521 0.4912 0.0000 4.8000 0.0000 0.0000 0.0000 4.8000 
2023 7 21 0 1.1000 83.1300 0.8000 0.0000 136.4606 744.5049 0.4860 0.0000 4.8000 0.0000 0.0000 0.0000 4.8000 
2023 7 22 0 0.9600 75.6300 0.8000 0.0000 136.1288 744.4559 0.4806 0.0000 4.8000 0.0000 0.0000 0.0000 4.8000 
2023 7 23 0 0.9400 33.2000 0.8000 0.0000 135.7953 744.4066 0.4752 0.0000 4.8000 0.0000 0.0000 0.0000 4.8000 
2023 7 24 0 0.8300 69.9000 0.8000 0.0000 135.4523 744.3558 0.4696 0.0000 4.8000 0.0000 0.0000 0.0000 4.8000 
2023 7 25 0 0.7100 60.2500 0.8000 0.0000 135.0989 744.3036 0.4638 0.0000 4.8000 0.0000 0.0000 0.0000 4.8000 
2023 7 26 0 0.6400 69.5200 0.8000 0.0000 134.7395 744.2505 0.4580 0.0000 4.8000 0.0000 0.0000 0.0000 4.8000 
2023 7 27 0 0.5700 87.3400 0.8000 0.0000 134.3740 744.1965 0.4521 0.0000 4.8000 0.0000 0.0000 0.0000 4.8000 
2023 7 28 0 0.5100 86.7600 0.8000 0.0000 134.0034 744.1417 0.4460 0.0000 4.8000 0.0000 0.0000 0.0000 4.8000 
2023 7 29 0 0.4700 74.6100 0.8000 0.0000 133.6293 744.0864 0.4399 0.0000 4.8000 0.0000 0.0000 0.0000 4.8000 
2023 7 30 0 0.5200 39.5200 0.8000 0.0000 133.2595 744.0317 0.4339 0.0000 4.8000 0.0000 0.0000 0.0000 4.8000 
2023 7 31 0 0.9900 69.3300 0.8000 0.0000 132.9303 743.9830 0.4286 0.0000 4.8000 0.0000 0.0000 0.0000 4.8000 
2023 8 1 0 0.7600 73.8700 0.8000 0.0000 132.5812 743.9314 0.4229 0.0000 4.8000 0.0000 0.0000 0.0000 4.8000 
2023 8 2 0 0.5300 64.7500 0.8000 0.0000 132.2123 743.8769 0.4169 0.0000 4.8000 0.0000 0.0000 0.0000 4.8000 
2023 8 3 0 0.4300 43.5500 0.8000 0.0000 131.8348 743.8211 0.4107 0.0000 4.8000 0.0000 0.0000 0.0000 4.8000 
2023 8 4 0 0.3700 62.1300 0.8000 0.0000 131.4520 743.7645 0.4045 0.0000 4.8000 0.0000 0.0000 0.0000 4.8000 
2023 8 5 0 0.3600 76.9400 0.8000 0.0000 131.0684 743.7078 0.3982 0.0000 4.8000 0.0000 0.0000 0.0000 4.8000 
2023 8 6 0 0.3200 57.5500 0.8000 0.0000 130.6813 743.6506 0.3919 0.0000 4.8000 0.0000 0.0000 0.0000 4.8000 
2023 8 7 0 0.3000 16.8300 0.8000 0.0000 130.2925 743.5931 0.3856 0.0000 4.8000 0.0000 0.0000 0.0000 4.8000 
2023 8 8 0 0.6700 0.0400 0.8000 0.0000 129.9357 743.5404 0.3798 0.0000 4.8000 0.0000 0.0000 0.0000 4.8000 
2023 8 9 0 0.8800 14.7000 0.8000 0.0000 129.5970 743.4903 0.3743 0.0000 4.8000 0.0000 0.0000 0.0000 4.8000 
2023 8 10 0 0.8200 51.2900 0.8000 0.0000 129.2531 743.4395 0.3687 0.0000 4.8000 0.0000 0.0000 0.0000 4.8000 
2023 8 11 0 0.9400 72.3800 0.8000 0.0000 128.9196 743.3902 0.3633 0.0000 4.8000 0.0000 0.0000 0.0000 4.8000 
2023 8 12 0 0.7100 69.7000 0.8000 0.0000 128.5662 743.3380 0.3575 0.0000 4.8000 0.0000 0.0000 0.0000 4.8000 
2023 8 13 0 0.5600 63.1900 0.8000 0.0000 128.1999 743.2838 0.3516 0.0000 4.8000 0.0000 0.0000 0.0000 4.8000 
2023 8 14 0 0.5000 85.9500 0.8000 0.0000 127.8284 743.2289 0.3455 0.0000 4.8000 0.0000 0.0000 0.0000 4.8000 
2023 8 15 0 1.1300 82.7300 0.8000 0.0000 127.5113 743.1820 0.3404 0.0000 4.8000 0.0000 0.0000 0.0000 4.8000 
2023 8 16 0 1.4000 93.5300 0.8000 0.0000 127.2175 743.1386 0.3356 0.0000 4.8000 0.0000 0.0000 0.0000 4.8000 
2023 8 17 0 1.1500 92.9900 0.8000 0.0000 126.9022 743.0920 0.3304 0.0000 4.8000 0.0000 0.0000 0.0000 4.8000 
2023 8 18 0 0.9500 84.3900 0.8000 0.0000 126.5695 743.0428 0.3250 0.0000 4.8000 0.0000 0.0000 0.0000 4.8000 
2023 8 19 0 0.8800 48.8800 0.8000 0.0000 126.2308 742.9925 0.3195 0.0000 4.8000 0.0000 0.0000 0.0000 4.8000 
2023 8 20 0 1.5300 75.6000 0.8000 0.0000 125.9483 742.9497 0.3149 0.0000 4.8000 0.0000 0.0000 0.0000 4.8000 
2023 8 21 0 1.1900 88.4800 0.8000 0.0000 125.6364 742.9024 0.3098 0.0000 4.8000 0.0000 0.0000 0.0000 4.8000 
2023 8 22 0 0.9600 92.0800 0.8000 0.0000 125.3046 742.8521 0.3044 0.0000 4.8000 0.0000 0.0000 0.0000 4.8000 
2023 8 23 0 0.8200 99.5400 0.8000 0.0000 124.9608 742.8000 0.2988 0.0000 4.8000 0.0000 0.0000 0.0000 4.8000 
2023 8 24 0 0.7000 99.6900 0.8000 0.0000 124.6065 742.7463 0.2931 0.0000 4.8000 0.0000 0.0000 0.0000 4.8000 
2023 8 25 0 0.9000 93.1800 0.8000 0.0000 124.2696 742.6952 0.2876 0.0000 4.8000 0.0000 0.0000 0.0000 4.8000 
2023 8 26 0 1.4000 87.9600 0.8000 0.0000 123.9758 742.6506 0.2828 0.0000 4.8000 0.0000 0.0000 0.0000 4.8000 
2023 8 27 0 1.4700 89.4800 0.8000 0.0000 123.6881 742.6070 0.2781 0.0000 4.8000 0.0000 0.0000 0.0000 4.8000 
2023 8 28 0 1.1500 91.8000 0.8000 0.0000 123.3727 742.5592 0.2730 0.0000 4.8000 0.0000 0.0000 0.0000 4.8000 
2023 8 29 0 0.9400 95.0600 0.8000 0.0000 123.0392 742.5086 0.2676 0.0000 4.8000 0.0000 0.0000 0.0000 4.8000 
2023 8 30 0 0.7900 99.5900 0.8000 0.0000 122.6928 742.4561 0.2619 0.0000 4.8000 0.0000 0.0000 0.0000 4.8000 
2023 8 31 0 0.7100 97.2200 0.8000 0.0000 122.3394 742.4025 0.2562 0.0000 4.8000 0.0000 0.0000 0.0000 4.8000 
