Riversystem uTAHPS reservoir fractions [fr] 
YYYY MM DD HH HJELLE GRESSE TOPPSY KROKNESVATN 
2022 9 1 0 0.6726 0.8003 0.9021 0.6603 
2022 9 2 0 0.6449 0.8006 0.9045 0.6606 
2022 9 3 0 0.6169 0.8008 0.9068 0.6608 
2022 9 4 0 0.5892 0.7958 0.9067 0.6609 
2022 9 5 0 0.5621 0.7894 0.9058 0.6617 
2022 9 6 0 0.5358 0.7830 0.9050 0.6626 
2022 9 7 0 0.5096 0.7767 0.9042 0.6636 
2022 9 8 0 0.4829 0.7702 0.9033 0.6645 
2022 9 9 0 0.4559 0.7638 0.9025 0.6655 
2022 9 10 0 0.4290 0.7574 0.9016 0.6664 
2022 9 11 0 0.4029 0.7510 0.9008 0.6673 
2022 9 12 0 0.3789 0.7448 0.9001 0.6686 
2022 9 13 0 0.3664 0.7399 0.9004 0.6713 
2022 9 14 0 0.3486 0.7344 0.9002 0.6733 
2022 9 15 0 0.3287 0.7287 0.8999 0.6750 
2022 9 16 0 0.3068 0.7228 0.8994 0.6765 
2022 9 17 0 0.2834 0.7167 0.8988 0.6779 
2022 9 18 0 0.2585 0.7105 0.8981 0.6792 
2022 9 19 0 0.2327 0.7042 0.8974 0.6803 
2022 9 20 0 0.2063 0.6979 0.8966 0.6815 
2022 9 21 0 0.1795 0.6915 0.8959 0.6826 
2022 9 22 0 0.1525 0.6851 0.8951 0.6836 
2022 9 23 0 0.1255 0.6787 0.8943 0.6847 
2022 9 24 0 0.0988 0.6724 0.8935 0.6859 
2022 9 25 0 0.0880 0.6671 0.8931 0.6870 
2022 9 26 0 0.0900 0.6628 0.8933 0.6888 
2022 9 27 0 0.1001 0.6595 0.8941 0.6917 
2022 9 28 0 0.1252 0.6580 0.8966 0.6974 
2022 9 29 0 0.1317 0.6548 0.8979 0.7017 
2022 9 30 0 0.1290 0.6507 0.8987 0.7050 
2022 10 1 0 0.1513 0.6492 0.9015 0.7115 
2022 10 2 0 0.1839 0.6484 0.9043 0.7177 
2022 10 3 0 0.2089 0.6466 0.9063 0.7224 
2022 10 4 0 0.2326 0.6444 0.9079 0.7262 
2022 10 5 0 0.3124 0.6460 0.9105 0.7299 
2022 10 6 0 0.4441 0.6513 0.9146 0.7343 
2022 10 7 0 0.4788 0.6502 0.9169 0.7393 
2022 10 8 0 0.5036 0.6485 0.9192 0.7446 
2022 10 9 0 0.5166 0.6458 0.9208 0.7489 
2022 10 10 0 0.5236 0.6426 0.9220 0.7529 
2022 10 11 0 0.5288 0.6392 0.9232 0.7568 
2022 10 12 0 0.5289 0.6353 0.9241 0.7602 
2022 10 13 0 0.5256 0.6311 0.9248 0.7634 
2022 10 14 0 0.5186 0.6267 0.9253 0.7663 
2022 10 15 0 0.5244 0.6236 0.9269 0.7712 
2022 10 16 0 0.5362 0.6212 0.9292 0.7769 
2022 10 17 0 0.5454 0.6186 0.9312 0.7824 
2022 10 18 0 0.5522 0.6157 0.9331 0.7877 
2022 10 19 0 0.5538 0.6123 0.9345 0.7923 
2022 10 20 0 0.5496 0.6083 0.9355 0.7962 
2022 10 21 0 0.5418 0.6039 0.9362 0.7996 
2022 10 22 0 0.5329 0.5993 0.9367 0.8026 
2022 10 23 0 0.5494 0.5963 0.9376 0.8053 
2022 10 24 0 0.5819 0.5944 0.9388 0.8081 
2022 10 25 0 0.5970 0.5916 0.9400 0.8116 
2022 10 26 0 0.6791 0.5931 0.9425 0.8148 
2022 10 27 0 0.7125 0.5914 0.9439 0.8179 
2022 10 28 0 0.7294 0.5885 0.9449 0.8207 
2022 10 29 0 0.7557 0.5862 0.9461 0.8237 
2022 10 30 0 0.7770 0.5836 0.9471 0.8264 
2022 10 31 0 0.7786 0.5795 0.9475 0.8289 
2022 11 1 0 0.7803 0.5755 0.9481 0.8315 
2022 11 2 0 0.8017 0.5733 0.9497 0.8357 
2022 11 3 0 0.8746 0.5755 0.9540 0.8431 
2022 11 4 0 0.9392 0.5778 0.9590 0.8524 
2022 11 5 0 0.9868 0.5788 0.9635 0.8614 
2022 11 6 0 1.0116 0.5778 0.9667 0.8684 
2022 11 7 0 1.0446 0.5786 0.9718 0.8778 
2022 11 8 0 1.0634 0.5783 0.9765 0.8860 
2022 11 9 0 1.0875 0.5791 0.9825 0.8957 
2022 11 10 0 1.0937 0.5782 0.9872 0.9033 
2022 11 11 0 1.0898 0.5762 0.9911 0.9096 
2022 11 12 0 1.0797 0.5733 0.9941 0.9148 
2022 11 13 0 1.0670 0.5698 0.9965 0.9191 
2022 11 14 0 1.0558 0.5660 0.9983 0.9228 
2022 11 15 0 1.0569 0.5630 1.0003 0.9262 
2022 11 16 0 1.0760 0.5615 1.0029 0.9298 
2022 11 17 0 1.1414 0.5640 1.0073 0.9332 
2022 11 18 0 1.1423 0.5620 1.0102 0.9363 
2022 11 19 0 1.1222 0.5582 1.0121 0.9391 
2022 11 20 0 1.1077 0.5545 1.0137 0.9417 
2022 11 21 0 1.0856 0.5499 1.0145 0.9441 
2022 11 22 0 1.0637 0.5450 1.0149 0.9464 
2022 11 23 0 1.0499 0.5404 1.0151 0.9487 
2022 11 24 0 1.0394 0.5361 1.0154 0.9515 
2022 11 25 0 1.0397 0.5331 1.0168 0.9563 
2022 11 26 0 1.0541 0.5316 1.0193 0.9625 
2022 11 27 0 1.0718 0.5307 1.0220 0.9689 
2022 11 28 0 1.0962 0.5315 1.0268 0.9786 
2022 11 29 0 1.0962 0.5298 1.0296 0.9857 
2022 11 30 0 1.0829 0.5266 1.0311 0.9910 
2022 12 1 0 1.0653 0.5224 1.0316 0.9953 
2022 12 2 0 1.0473 0.5179 1.0315 0.9991 
2022 12 3 0 1.0294 0.5130 1.0310 1.0025 
2022 12 4 0 1.0134 0.5079 1.0301 1.0056 
2022 12 5 0 0.9990 0.5027 1.0289 1.0085 
2022 12 6 0 0.9845 0.4975 1.0278 1.0112 
2022 12 7 0 0.9696 0.4923 1.0267 1.0138 
2022 12 8 0 0.9556 0.4871 1.0257 1.0164 
2022 12 9 0 0.9428 0.4821 1.0248 1.0191 
2022 12 10 0 0.9300 0.4771 1.0239 1.0217 
2022 12 11 0 0.9183 0.4721 1.0232 1.0244 
2022 12 12 0 0.9067 0.4672 1.0225 1.0270 
2022 12 13 0 0.8942 0.4622 1.0218 1.0294 
2022 12 14 0 0.8807 0.4571 1.0210 1.0317 
2022 12 15 0 0.8659 0.4519 1.0202 1.0338 
2022 12 16 0 0.8503 0.4466 1.0193 1.0357 
2022 12 17 0 0.8340 0.4412 1.0185 1.0374 
2022 12 18 0 0.8182 0.4359 1.0176 1.0391 
2022 12 19 0 0.8037 0.4306 1.0168 1.0406 
2022 12 20 0 0.7934 0.4256 1.0161 1.0421 
2022 12 21 0 0.7987 0.4215 1.0156 1.0432 
2022 12 22 0 0.8051 0.4175 1.0152 1.0443 
2022 12 23 0 0.8020 0.4129 1.0145 1.0452 
2022 12 24 0 0.7909 0.4077 1.0136 1.0460 
2022 12 25 0 0.7763 0.4022 1.0127 1.0468 
2022 12 26 0 0.7758 0.3979 1.0124 1.0481 
2022 12 27 0 0.7691 0.3932 1.0121 1.0496 
2022 12 28 0 0.7558 0.3880 1.0115 1.0507 
2022 12 29 0 0.7424 0.3827 1.0109 1.0517 
2022 12 30 0 0.7275 0.3773 1.0103 1.0526 
2022 12 31 0 0.7168 0.3725 1.0100 1.0542 
2023 1 1 0 0.7025 0.3672 1.0096 1.0553 
2023 1 2 0 0.6861 0.3618 1.0090 1.0562 
2023 1 3 0 0.6683 0.3562 1.0084 1.0569 
2023 1 4 0 0.6496 0.3505 1.0077 1.0576 
2023 1 5 0 0.6354 0.3452 1.0071 1.0582 
2023 1 6 0 0.6187 0.3396 1.0065 1.0587 
2023 1 7 0 0.6329 0.3341 1.0043 1.0592 
2023 1 8 0 0.6610 0.3302 1.0030 1.0618 
2023 1 9 0 0.7019 0.3277 1.0029 1.0662 
2023 1 10 0 0.7321 0.3241 1.0018 1.0691 
2023 1 11 0 0.7570 0.3198 1.0004 1.0711 
2023 1 12 0 0.7785 0.3153 0.9988 1.0727 
2023 1 13 0 0.7969 0.3104 0.9969 1.0739 
2023 1 14 0 0.8126 0.3052 0.9948 1.0748 
2023 1 15 0 0.8275 0.3000 0.9927 1.0755 
2023 1 16 0 0.8419 0.2946 0.9905 1.0762 
2023 1 17 0 0.8554 0.2893 0.9883 1.0768 
2023 1 18 0 0.8691 0.2839 0.9861 1.0774 
2023 1 19 0 0.8811 0.2783 0.9837 1.0777 
2023 1 20 0 0.8927 0.2727 0.9813 1.0780 
2023 1 21 0 0.9036 0.2671 0.9789 1.0782 
2023 1 22 0 0.9146 0.2614 0.9764 1.0783 
2023 1 23 0 0.9272 0.2558 0.9740 1.0785 
2023 1 24 0 0.9385 0.2502 0.9715 1.0786 
2023 1 25 0 0.9498 0.2445 0.9691 1.0788 
2023 1 26 0 0.9626 0.2390 0.9668 1.0792 
2023 1 27 0 0.9747 0.2366 0.9659 1.0795 
2023 1 28 0 0.9858 0.2377 0.9667 1.0796 
2023 1 29 0 0.9963 0.2388 0.9674 1.0790 
2023 1 30 0 1.0066 0.2399 0.9683 1.0785 
2023 1 31 0 1.0148 0.2411 0.9693 1.0780 
2023 2 1 0 1.0210 0.2421 0.9703 1.0774 
2023 2 2 0 1.0274 0.2433 0.9716 1.0770 
2023 2 3 0 1.0313 0.2443 0.9728 1.0765 
2023 2 4 0 1.0332 0.2452 0.9739 1.0758 
2023 2 5 0 1.0343 0.2460 0.9750 1.0750 
2023 2 6 0 1.0347 0.2468 0.9760 1.0742 
2023 2 7 0 1.0346 0.2475 0.9770 1.0734 
2023 2 8 0 1.0343 0.2482 0.9780 1.0726 
2023 2 9 0 1.0348 0.2490 0.9791 1.0719 
2023 2 10 0 1.0356 0.2498 0.9803 1.0713 
2023 2 11 0 1.0367 0.2507 0.9815 1.0708 
2023 2 12 0 1.0381 0.2517 0.9828 1.0704 
2023 2 13 0 1.0392 0.2526 0.9840 1.0699 
2023 2 14 0 1.0401 0.2536 0.9853 1.0695 
2023 2 15 0 1.0397 0.2544 0.9865 1.0689 
2023 2 16 0 1.0388 0.2551 0.9876 1.0683 
2023 2 17 0 1.0392 0.2560 0.9889 1.0678 
2023 2 18 0 1.0401 0.2569 0.9901 1.0674 
2023 2 19 0 1.0414 0.2579 0.9915 1.0671 
2023 2 20 0 1.0430 0.2590 0.9929 1.0668 
2023 2 21 0 1.0447 0.2601 0.9944 1.0667 
2023 2 22 0 1.0452 0.2611 0.9958 1.0664 
2023 2 23 0 1.0461 0.2622 0.9972 1.0661 
2023 2 24 0 1.0474 0.2632 0.9986 1.0656 
2023 2 25 0 1.0505 0.2644 1.0001 1.0653 
2023 2 26 0 1.0578 0.2661 1.0018 1.0650 
2023 2 27 0 1.0667 0.2679 1.0035 1.0647 
2023 2 28 0 1.0711 0.2695 1.0052 1.0643 
2023 3 1 0 1.0726 0.2709 1.0068 1.0640 
2023 3 2 0 1.0724 0.2721 1.0082 1.0637 
2023 3 3 0 1.0710 0.2733 1.0095 1.0633 
2023 3 4 0 1.0523 0.2744 1.0117 1.0630 
2023 3 5 0 1.0223 0.2755 1.0147 1.0629 
2023 3 6 0 0.9942 0.2764 1.0173 1.0626 
2023 3 7 0 0.9641 0.2770 1.0196 1.0622 
2023 3 8 0 0.9337 0.2777 1.0218 1.0619 
2023 3 9 0 0.9025 0.2783 1.0239 1.0616 
2023 3 10 0 0.8706 0.2789 1.0259 1.0613 
2023 3 11 0 0.8382 0.2794 1.0277 1.0610 
2023 3 12 0 0.8063 0.2799 1.0296 1.0608 
2023 3 13 0 0.7744 0.2805 1.0313 1.0607 
2023 3 14 0 0.7422 0.2810 1.0330 1.0606 
2023 3 15 0 0.7097 0.2815 1.0346 1.0606 
2023 3 16 0 0.6767 0.2820 1.0361 1.0606 
2023 3 17 0 0.6442 0.2825 1.0376 1.0607 
2023 3 18 0 0.6128 0.2832 1.0391 1.0609 
2023 3 19 0 0.5810 0.2838 1.0406 1.0612 
2023 3 20 0 0.5498 0.2845 1.0420 1.0616 
2023 3 21 0 0.5187 0.2852 1.0434 1.0621 
2023 3 22 0 0.4877 0.2859 1.0448 1.0626 
2023 3 23 0 0.4576 0.2867 1.0462 1.0633 
2023 3 24 0 0.4295 0.2877 1.0477 1.0642 
2023 3 25 0 0.4036 0.2890 1.0493 1.0655 
2023 3 26 0 0.3788 0.2903 1.0508 1.0667 
2023 3 27 0 0.3547 0.2917 1.0523 1.0680 
2023 3 28 0 0.3313 0.2931 1.0537 1.0691 
2023 3 29 0 0.3064 0.2942 1.0549 1.0699 
2023 3 30 0 0.2808 0.2953 1.0559 1.0706 
2023 3 31 0 0.2803 0.2973 1.0565 1.0712 
2023 4 1 0 0.3515 0.3024 1.0564 1.0720 
2023 4 2 0 0.4173 0.3071 1.0559 1.0728 
2023 4 3 0 0.4603 0.3102 1.0550 1.0736 
2023 4 4 0 0.4875 0.3122 1.0536 1.0741 
2023 4 5 0 0.5096 0.3139 1.0523 1.0745 
2023 4 6 0 0.5292 0.3154 1.0508 1.0748 
2023 4 7 0 0.5454 0.3167 1.0494 1.0751 
2023 4 8 0 0.5596 0.3178 1.0480 1.0753 
2023 4 9 0 0.5724 0.3189 1.0466 1.0755 
2023 4 10 0 0.5855 0.3199 1.0454 1.0758 
2023 4 11 0 0.6163 0.3227 1.0457 1.0789 
2023 4 12 0 0.6153 0.3189 1.0447 1.0814 
2023 4 13 0 0.6143 0.3151 1.0440 1.0846 
2023 4 14 0 0.6174 0.3118 1.0436 1.0884 
2023 4 15 0 0.6191 0.3084 1.0432 1.0921 
2023 4 16 0 0.6209 0.3049 1.0429 1.0956 
2023 4 17 0 0.6244 0.3017 1.0427 1.0993 
2023 4 18 0 0.6305 0.2987 1.0426 1.1031 
2023 4 19 0 0.6393 0.2959 1.0427 1.1070 
2023 4 20 0 0.6541 0.2936 1.0430 1.1111 
2023 4 21 0 0.6776 0.2920 1.0437 1.1156 
2023 4 22 0 0.7099 0.2912 1.0447 1.1205 
2023 4 23 0 0.7541 0.2918 1.0469 1.1273 
2023 4 24 0 0.7973 0.2924 1.0491 1.1343 
2023 4 25 0 0.8330 0.2923 1.0507 1.1405 
2023 4 26 0 0.8594 0.2912 1.0516 1.1456 
2023 4 27 0 0.8763 0.2892 1.0518 1.1495 
2023 4 28 0 0.8876 0.2865 1.0516 1.1526 
2023 4 29 0 0.8959 0.2835 1.0510 1.1551 
2023 4 30 0 0.9022 0.2803 1.0503 1.1572 
2023 5 1 0 0.9075 0.2770 1.0495 1.1591 
2023 5 2 0 0.9145 0.2738 1.0489 1.1610 
2023 5 3 0 0.9237 0.2708 1.0483 1.1630 
2023 5 4 0 0.9336 0.2678 1.0478 1.1650 
2023 5 5 0 0.9421 0.2647 1.0472 1.1667 
2023 5 6 0 0.9476 0.2613 1.0464 1.1680 
2023 5 7 0 0.9503 0.2578 1.0457 1.1695 
2023 5 8 0 0.9551 0.2545 1.0452 1.1714 
2023 5 9 0 0.9719 0.2525 1.0458 1.1747 
2023 5 10 0 1.0173 0.2538 1.0488 1.1818 
2023 5 11 0 1.0860 0.2613 1.0543 1.1898 
2023 5 12 0 1.1715 0.2724 1.0614 1.1974 
2023 5 13 0 1.2507 0.2844 1.0696 1.2042 
2023 5 14 0 1.3152 0.2962 1.0784 1.2097 
2023 5 15 0 1.3898 0.3097 1.0883 1.2143 
2023 5 16 0 1.4817 0.3256 1.0998 1.2180 
2023 5 17 0 1.5238 0.3386 1.1104 1.2205 
2023 5 18 0 1.5277 0.3487 1.1194 1.2218 
2023 5 19 0 1.5178 0.3575 1.1273 1.2223 
2023 5 20 0 1.5082 0.3661 1.1347 1.2230 
2023 5 21 0 1.4955 0.3744 1.1415 1.2237 
2023 5 22 0 1.4822 0.3825 1.1478 1.2245 
2023 5 23 0 1.4876 0.3926 1.1554 1.2273 
2023 5 24 0 1.4967 0.4029 1.1626 1.2291 
2023 5 25 0 1.4972 0.4124 1.1690 1.2300 
2023 5 26 0 1.5008 0.4217 1.1748 1.2299 
2023 5 27 0 1.4954 0.4302 1.1796 1.2292 
2023 5 28 0 1.4744 0.4370 1.1832 1.2281 
2023 5 29 0 1.4397 0.4421 1.1854 1.2267 
2023 5 30 0 1.4027 0.4464 1.1865 1.2251 
2023 5 31 0 1.3666 0.4502 1.1867 1.2235 
2023 6 1 0 1.3326 0.4534 1.1862 1.2219 
2023 6 2 0 1.2993 0.4562 1.1849 1.2202 
2023 6 3 0 1.2679 0.4585 1.1830 1.2186 
2023 6 4 0 1.2397 0.4606 1.1806 1.2170 
2023 6 5 0 1.2143 0.4624 1.1777 1.2155 
2023 6 6 0 1.1911 0.4640 1.1745 1.2140 
2023 6 7 0 1.1699 0.4654 1.1709 1.2126 
2023 6 8 0 1.1507 0.4666 1.1671 1.2112 
2023 6 9 0 1.1333 0.4676 1.1631 1.2099 
2023 6 10 0 1.1176 0.4685 1.1589 1.2086 
2023 6 11 0 1.1035 0.4692 1.1546 1.2074 
2023 6 12 0 1.0910 0.4698 1.1502 1.2062 
2023 6 13 0 1.0800 0.4704 1.1458 1.2051 
2023 6 14 0 1.0702 0.4709 1.1414 1.2040 
2023 6 15 0 1.0618 0.4713 1.1370 1.2031 
2023 6 16 0 1.0545 0.4717 1.1326 1.2021 
2023 6 17 0 1.0482 0.4721 1.1283 1.2013 
2023 6 18 0 1.0428 0.4724 1.1240 1.2005 
2023 6 19 0 1.0384 0.4728 1.1199 1.1997 
2023 6 20 0 1.0351 0.4731 1.1159 1.1988 
2023 6 21 0 1.0340 0.4736 1.1120 1.1978 
2023 6 22 0 1.0437 0.4750 1.1087 1.1967 
2023 6 23 0 1.0475 0.4760 1.1054 1.1955 
2023 6 24 0 1.0473 0.4767 1.1022 1.1943 
2023 6 25 0 1.0448 0.4772 1.0991 1.1930 
2023 6 26 0 1.0417 0.4777 1.0960 1.1916 
2023 6 27 0 1.0388 0.4781 1.0930 1.1903 
2023 6 28 0 1.0364 0.4786 1.0901 1.1889 
2023 6 29 0 1.0343 0.4790 1.0872 1.1874 
2023 6 30 0 1.0325 0.4794 1.0845 1.1860 
2023 7 1 0 1.0305 0.4798 1.0818 1.1845 
2023 7 2 0 1.0289 0.4803 1.0793 1.1831 
2023 7 3 0 1.0276 0.4807 1.0768 1.1816 
2023 7 4 0 1.0272 0.4812 1.0745 1.1802 
2023 7 5 0 1.0269 0.4817 1.0723 1.1788 
2023 7 6 0 1.0273 0.4823 1.0702 1.1774 
2023 7 7 0 1.0297 0.4831 1.0683 1.1760 
2023 7 8 0 1.0369 0.4842 1.0666 1.1744 
2023 7 9 0 1.0437 0.4854 1.0650 1.1728 
2023 7 10 0 1.0477 0.4865 1.0636 1.1712 
2023 7 11 0 1.0499 0.4875 1.0623 1.1699 
2023 7 12 0 1.0535 0.4889 1.0614 1.1690 
2023 7 13 0 1.0546 0.4900 1.0605 1.1679 
2023 7 14 0 1.0536 0.4910 1.0594 1.1668 
2023 7 15 0 1.0541 0.4921 1.0586 1.1659 
2023 7 16 0 1.0633 0.4944 1.0589 1.1666 
2023 7 17 0 1.0787 0.4978 1.0601 1.1685 
2023 7 18 0 1.0877 0.5007 1.0610 1.1699 
2023 7 19 0 1.0645 0.4961 1.0599 1.1703 
2023 7 20 0 1.0422 0.4912 1.0585 1.1710 
2023 7 21 0 1.0216 0.4860 1.0567 1.1714 
2023 7 22 0 1.0030 0.4806 1.0545 1.1715 
2023 7 23 0 0.9847 0.4752 1.0523 1.1715 
2023 7 24 0 0.9649 0.4696 1.0501 1.1712 
2023 7 25 0 0.9435 0.4638 1.0479 1.1707 
2023 7 26 0 0.9212 0.4580 1.0456 1.1701 
2023 7 27 0 0.8981 0.4521 1.0434 1.1693 
2023 7 28 0 0.8743 0.4460 1.0412 1.1683 
2023 7 29 0 0.8502 0.4399 1.0390 1.1672 
2023 7 30 0 0.8276 0.4339 1.0369 1.1659 
2023 7 31 0 0.8152 0.4286 1.0351 1.1645 
2023 8 1 0 0.7984 0.4229 1.0332 1.1631 
2023 8 2 0 0.7769 0.4169 1.0312 1.1615 
2023 8 3 0 0.7533 0.4107 1.0293 1.1600 
2023 8 4 0 0.7287 0.4045 1.0275 1.1584 
2023 8 5 0 0.7037 0.3982 1.0257 1.1568 
2023 8 6 0 0.6782 0.3919 1.0239 1.1552 
2023 8 7 0 0.6520 0.3856 1.0222 1.1535 
2023 8 8 0 0.6312 0.3798 1.0210 1.1524 
2023 8 9 0 0.6155 0.3743 1.0198 1.1512 
2023 8 10 0 0.5990 0.3687 1.0186 1.1498 
2023 8 11 0 0.5854 0.3633 1.0175 1.1484 
2023 8 12 0 0.5675 0.3575 1.0162 1.1468 
2023 8 13 0 0.5465 0.3516 1.0150 1.1452 
2023 8 14 0 0.5245 0.3455 1.0138 1.1436 
2023 8 15 0 0.5107 0.3404 1.0132 1.1431 
2023 8 16 0 0.5003 0.3356 1.0130 1.1431 
2023 8 17 0 0.4862 0.3304 1.0126 1.1427 
2023 8 18 0 0.4691 0.3250 1.0120 1.1421 
2023 8 19 0 0.4508 0.3195 1.0114 1.1414 
2023 8 20 0 0.4409 0.3149 1.0115 1.1418 
2023 8 21 0 0.4263 0.3098 1.0112 1.1417 
2023 8 22 0 0.4087 0.3044 1.0108 1.1412 
2023 8 23 0 0.3891 0.2988 1.0102 1.1405 
2023 8 24 0 0.3679 0.2931 1.0095 1.1396 
2023 8 25 0 0.3494 0.2876 1.0090 1.1391 
2023 8 26 0 0.3372 0.2828 1.0091 1.1394 
2023 8 27 0 0.3259 0.2781 1.0093 1.1399 
2023 8 28 0 0.3105 0.2730 1.0091 1.1398 
2023 8 29 0 0.2922 0.2676 1.0087 1.1393 
2023 8 30 0 0.2721 0.2619 1.0082 1.1386 
2023 8 31 0 0.2508 0.2562 1.0076 1.1378 
