RESTPRICE 50
Date Price
1963090100 50.50
1963090200 50.50
1963090300 50.50
1963090400 50.50
1963090500 50.50
1963090600 50.50
1963090700 50.50
1963090800 50.50
1963090900 50.50
1963091000 50.50
1963091100 50.50
1963091200 50.50
1963091300 50.50
1963091400 50.50
1963091500 50.50
1963091600 50.50
1963091700 50.50
1963091800 50.50
1963091900 50.50
1963092000 50.50
1963092100 50.50
1963092200 50.50
1963092300 50.50
1963092400 50.50
1963092500 50.50
1963092600 50.50
1963092700 50.50
1963092800 50.50
1963092900 50.50
1963093000 50.50
