CHANNEL node 8 DALSANA
N_CASCADE_LINRES 3
K_TRAVELTIME_HOURS 6.00
yyyy mm dd hh [m3/s]    [Mm3]       [m3/s]      [Euro]
yyyy mm dd hh Up_Inflow Storage_Mm3 tot_outflow Qmin_Cost
2022 9 1 0 0.0000 0.00463406 0.3794 0.0000 
2022 9 1 1 0.0000 0.00351000 0.3122 0.0000 
2022 9 1 2 0.0000 0.00261122 0.2497 0.0000 
2022 9 1 3 0.0000 0.00191158 0.1943 0.0000 
2022 9 1 4 0.0000 0.00137965 0.1478 0.0000 
2022 9 1 5 0.0000 0.00098334 0.1101 0.0000 
2022 9 1 6 0.0000 0.00069318 0.0806 0.0000 
2022 9 1 7 0.0000 0.00048389 0.0581 0.0000 
2022 9 1 8 0.0000 0.00033488 0.0414 0.0000 
2022 9 1 9 0.0000 0.00022997 0.0291 0.0000 
2022 9 1 10 0.0000 0.00015684 0.0203 0.0000 
2022 9 1 11 0.0000 0.00010630 0.0140 0.0000 
2022 9 1 12 0.0000 0.00007164 0.0096 0.0000 
2022 9 1 13 0.0000 0.00004804 0.0066 0.0000 
2022 9 1 14 0.0000 0.00003206 0.0044 0.0000 
2022 9 1 15 0.0000 0.00002131 0.0030 0.0000 
2022 9 1 16 0.0000 0.00001411 0.0020 0.0000 
2022 9 1 17 0.0000 0.00000930 0.0013 0.0000 
2022 9 1 18 0.0000 0.00000612 0.0009 0.0000 
2022 9 1 19 0.0000 0.00000401 0.0006 0.0000 
2022 9 1 20 0.0000 0.00000262 0.0004 0.0000 
2022 9 1 21 0.0000 0.00000171 0.0003 0.0000 
2022 9 1 22 0.0000 0.00000111 0.0002 0.0000 
2022 9 1 23 0.0000 0.00000072 0.0001 0.0000 
2022 9 2 0 0.0000 0.00000047 0.0001 0.0000 
2022 9 2 1 0.0000 0.00000030 0.0000 0.0000 
2022 9 2 2 0.0000 0.00000019 0.0000 0.0000 
2022 9 2 3 0.0000 0.00000013 0.0000 0.0000 
2022 9 2 4 0.0000 0.00000008 0.0000 0.0000 
2022 9 2 5 0.0000 0.00000005 0.0000 0.0000 
2022 9 2 6 0.0000 0.00000003 0.0000 0.0000 
2022 9 2 7 0.0000 0.00000002 0.0000 0.0000 
2022 9 2 8 0.0000 0.00000001 0.0000 0.0000 
2022 9 2 9 0.0000 0.00000001 0.0000 0.0000 
2022 9 2 10 0.0000 0.00000001 0.0000 0.0000 
2022 9 2 11 0.0000 0.00000000 0.0000 0.0000 
2022 9 2 12 0.0000 0.00000000 0.0000 0.0000 
2022 9 2 13 0.0000 0.00000000 0.0000 0.0000 
2022 9 2 14 0.0000 0.00000000 0.0000 0.0000 
2022 9 2 15 0.0000 0.00000000 0.0000 0.0000 
2022 9 2 16 0.0000 0.00000000 0.0000 0.0000 
2022 9 2 17 0.0000 0.00000000 0.0000 0.0000 
2022 9 2 18 0.0000 0.00000000 0.0000 0.0000 
2022 9 2 19 0.0000 0.00000000 0.0000 0.0000 
2022 9 2 20 0.0000 0.00000000 0.0000 0.0000 
2022 9 2 21 0.0000 0.00000000 0.0000 0.0000 
2022 9 2 22 0.0000 0.00000000 0.0000 0.0000 
2022 9 2 23 0.0000 0.00000000 0.0000 0.0000 
2022 9 3 0 0.0000 0.00000000 0.0000 0.0000 
2022 9 3 1 0.0000 0.00000000 0.0000 0.0000 
2022 9 3 2 0.0000 0.00000000 0.0000 0.0000 
2022 9 3 3 0.0000 0.00000000 0.0000 0.0000 
2022 9 3 4 0.0000 0.00000000 0.0000 0.0000 
2022 9 3 5 0.0000 0.00000000 0.0000 0.0000 
2022 9 3 6 0.0000 0.00000000 0.0000 0.0000 
2022 9 3 7 0.0000 0.00000000 0.0000 0.0000 
2022 9 3 8 0.0000 0.00000000 0.0000 0.0000 
2022 9 3 9 0.0000 0.00000000 0.0000 0.0000 
2022 9 3 10 0.0000 0.00000000 0.0000 0.0000 
2022 9 3 11 0.0000 0.00000000 0.0000 0.0000 
2022 9 3 12 0.0000 0.00000000 0.0000 0.0000 
2022 9 3 13 0.0000 0.00000000 0.0000 0.0000 
2022 9 3 14 0.0000 0.00000000 0.0000 0.0000 
2022 9 3 15 0.0000 0.00000000 0.0000 0.0000 
2022 9 3 16 0.0000 0.00000000 0.0000 0.0000 
2022 9 3 17 0.0000 0.00000000 0.0000 0.0000 
2022 9 3 18 0.0000 0.00000000 0.0000 0.0000 
2022 9 3 19 0.0000 0.00000000 0.0000 0.0000 
2022 9 3 20 0.0000 0.00000000 0.0000 0.0000 
2022 9 3 21 0.0000 0.00000000 0.0000 0.0000 
2022 9 3 22 0.0000 0.00000000 0.0000 0.0000 
2022 9 3 23 0.0000 0.00000000 0.0000 0.0000 
2022 9 4 0 0.0000 0.00000000 0.0000 0.0000 
2022 9 4 1 0.0000 0.00000000 0.0000 0.0000 
2022 9 4 2 0.0000 0.00000000 0.0000 0.0000 
2022 9 4 3 0.0000 0.00000000 0.0000 0.0000 
2022 9 4 4 0.0000 0.00000000 0.0000 0.0000 
2022 9 4 5 9.5200 0.03394052 0.0921 0.0000 
2022 9 4 6 9.5200 0.06643587 0.4935 0.0000 
2022 9 4 7 9.5200 0.09595443 1.3204 0.0000 
2022 9 4 8 9.5200 0.12137621 2.4584 0.0000 
2022 9 4 9 9.5200 0.14230635 3.7061 0.0000 
2022 9 4 10 9.5200 0.15892071 4.9049 0.0000 
2022 9 4 11 9.5200 0.17172511 5.9632 0.0000 
2022 9 4 12 9.5200 0.18135781 6.8443 0.0000 
2022 9 4 13 9.5200 0.18846112 7.5469 0.0000 
2022 9 4 14 9.5200 0.19361228 8.0891 0.0000 
2022 9 4 15 9.5200 0.19729515 8.4970 0.0000 
2022 9 4 16 9.5200 0.19989642 8.7974 0.0000 
2022 9 4 17 9.5200 0.20171449 9.0150 0.0000 
2022 9 4 18 9.5200 0.20297353 9.1703 0.0000 
2022 9 4 19 9.5200 0.20383841 9.2798 0.0000 
2022 9 4 20 9.5200 0.20442827 9.3562 0.0000 
2022 9 4 21 9.5200 0.20482799 9.4090 0.0000 
2022 9 4 22 9.5200 0.20509731 9.4452 0.0000 
2022 9 4 23 9.5200 0.20527783 9.4699 0.0000 
2022 9 5 0 9.5200 0.20539826 9.4865 0.0000 
2022 9 5 1 9.5200 0.20547826 9.4978 0.0000 
2022 9 5 2 9.5200 0.20553120 9.5053 0.0000 
2022 9 5 3 9.5200 0.20556609 9.5103 0.0000 
2022 9 5 4 9.5200 0.20558903 9.5136 0.0000 
2022 9 5 5 9.5200 0.20560405 9.5158 0.0000 
2022 9 5 6 9.5200 0.20561386 9.5173 0.0000 
2022 9 5 7 9.5200 0.20562026 9.5182 0.0000 
2022 9 5 8 9.5200 0.20562441 9.5188 0.0000 
2022 9 5 9 9.5200 0.20562711 9.5193 0.0000 
2022 9 5 10 9.5200 0.20562885 9.5195 0.0000 
2022 9 5 11 9.5200 0.20562998 9.5197 0.0000 
2022 9 5 12 9.5200 0.20563070 9.5198 0.0000 
2022 9 5 13 9.5200 0.20563117 9.5199 0.0000 
2022 9 5 14 9.5200 0.20563147 9.5199 0.0000 
2022 9 5 15 9.5200 0.20563166 9.5199 0.0000 
2022 9 5 16 9.5200 0.20563179 9.5200 0.0000 
2022 9 5 17 9.5200 0.20563186 9.5200 0.0000 
2022 9 5 18 9.5200 0.20563192 9.5200 0.0000 
2022 9 5 19 9.5200 0.20563195 9.5200 0.0000 
2022 9 5 20 9.5200 0.20563197 9.5200 0.0000 
2022 9 5 21 9.5200 0.20563198 9.5200 0.0000 
2022 9 5 22 9.5200 0.20563199 9.5200 0.0000 
2022 9 5 23 9.5200 0.20563199 9.5200 0.0000 
2022 9 6 0 9.5200 0.20563200 9.5200 0.0000 
2022 9 6 1 9.5200 0.20563200 9.5200 0.0000 
2022 9 6 2 9.5200 0.20563200 9.5200 0.0000 
2022 9 6 3 9.5200 0.20563200 9.5200 0.0000 
2022 9 6 4 9.5200 0.20563200 9.5200 0.0000 
2022 9 6 5 9.5200 0.20563200 9.5200 0.0000 
2022 9 6 6 9.5200 0.20563200 9.5200 0.0000 
2022 9 6 7 9.5200 0.20563200 9.5200 0.0000 
2022 9 6 8 9.5200 0.20563200 9.5200 0.0000 
2022 9 6 9 9.5200 0.20563200 9.5200 0.0000 
2022 9 6 10 9.5200 0.20563200 9.5200 0.0000 
2022 9 6 11 9.5200 0.20563200 9.5200 0.0000 
2022 9 6 12 9.5200 0.20563200 9.5200 0.0000 
2022 9 6 13 9.5200 0.20563200 9.5200 0.0000 
2022 9 6 14 9.5200 0.20563200 9.5200 0.0000 
2022 9 6 15 9.5200 0.20563200 9.5200 0.0000 
2022 9 6 16 9.5200 0.20563200 9.5200 0.0000 
2022 9 6 17 9.5200 0.20563200 9.5200 0.0000 
2022 9 6 18 9.5200 0.20563200 9.5200 0.0000 
2022 9 6 19 9.5200 0.20563200 9.5200 0.0000 
2022 9 6 20 9.5200 0.20563200 9.5200 0.0000 
2022 9 6 21 9.5200 0.20563200 9.5200 0.0000 
2022 9 6 22 9.5200 0.20563200 9.5200 0.0000 
2022 9 6 23 9.5200 0.20563200 9.5200 0.0000 
2022 9 7 0 9.5200 0.20563200 9.5200 0.0000 
2022 9 7 1 9.5200 0.20563200 9.5200 0.0000 
2022 9 7 2 9.5200 0.20563200 9.5200 0.0000 
2022 9 7 3 9.5200 0.20563200 9.5200 0.0000 
2022 9 7 4 9.5200 0.20563200 9.5200 0.0000 
2022 9 7 5 9.5200 0.20563200 9.5200 0.0000 
2022 9 7 6 9.5200 0.20563200 9.5200 0.0000 
2022 9 7 7 9.5200 0.20563200 9.5200 0.0000 
2022 9 7 8 9.5200 0.20563200 9.5200 0.0000 
2022 9 7 9 9.5200 0.20563200 9.5200 0.0000 
2022 9 7 10 9.5200 0.20563200 9.5200 0.0000 
2022 9 7 11 9.5200 0.20563200 9.5200 0.0000 
2022 9 7 12 9.5200 0.20563200 9.5200 0.0000 
2022 9 7 13 9.5200 0.20563200 9.5200 0.0000 
2022 9 7 14 9.5200 0.20563200 9.5200 0.0000 
2022 9 7 15 9.5200 0.20563200 9.5200 0.0000 
2022 9 7 16 9.5200 0.20563200 9.5200 0.0000 
2022 9 7 17 9.5200 0.20563200 9.5200 0.0000 
2022 9 7 18 9.5200 0.20563200 9.5200 0.0000 
2022 9 7 19 9.5200 0.20563200 9.5200 0.0000 
2022 9 7 20 9.5200 0.20563200 9.5200 0.0000 
2022 9 7 21 9.5200 0.20563200 9.5200 0.0000 
2022 9 7 22 9.5200 0.20563200 9.5200 0.0000 
2022 9 7 23 9.5200 0.20563200 9.5200 0.0000 
2022 9 8 0 9.5200 0.20563200 9.5200 0.0000 
2022 9 8 1 9.5200 0.20563200 9.5200 0.0000 
2022 9 8 2 9.5200 0.20563200 9.5200 0.0000 
2022 9 8 3 9.5200 0.20563200 9.5200 0.0000 
2022 9 8 4 9.5200 0.20563200 9.5200 0.0000 
2022 9 8 5 9.5200 0.20563200 9.5200 0.0000 
2022 9 8 6 9.5200 0.20563200 9.5200 0.0000 
2022 9 8 7 9.5200 0.20563200 9.5200 0.0000 
2022 9 8 8 9.5200 0.20563200 9.5200 0.0000 
2022 9 8 9 9.5200 0.20563200 9.5200 0.0000 
2022 9 8 10 9.5200 0.20563200 9.5200 0.0000 
2022 9 8 11 9.5200 0.20563200 9.5200 0.0000 
2022 9 8 12 9.5200 0.20563200 9.5200 0.0000 
2022 9 8 13 9.5200 0.20563200 9.5200 0.0000 
2022 9 8 14 9.5200 0.20563200 9.5200 0.0000 
2022 9 8 15 9.5200 0.20563200 9.5200 0.0000 
2022 9 8 16 9.5200 0.20563200 9.5200 0.0000 
2022 9 8 17 9.5200 0.20563200 9.5200 0.0000 
2022 9 8 18 9.5200 0.20563200 9.5200 0.0000 
2022 9 8 19 9.5200 0.20563200 9.5200 0.0000 
2022 9 8 20 9.5200 0.20563200 9.5200 0.0000 
2022 9 8 21 9.5200 0.20563200 9.5200 0.0000 
2022 9 8 22 9.5200 0.20563200 9.5200 0.0000 
2022 9 8 23 9.5200 0.20563200 9.5200 0.0000 
2022 9 9 0 9.5200 0.20563200 9.5200 0.0000 
2022 9 9 1 9.5200 0.20563200 9.5200 0.0000 
2022 9 9 2 9.5200 0.20563200 9.5200 0.0000 
2022 9 9 3 9.5200 0.20563200 9.5200 0.0000 
2022 9 9 4 9.5200 0.20563200 9.5200 0.0000 
2022 9 9 5 9.5200 0.20563200 9.5200 0.0000 
2022 9 9 6 9.5200 0.20563200 9.5200 0.0000 
2022 9 9 7 9.5200 0.20563200 9.5200 0.0000 
2022 9 9 8 9.5200 0.20563200 9.5200 0.0000 
2022 9 9 9 9.5200 0.20563200 9.5200 0.0000 
2022 9 9 10 9.5200 0.20563200 9.5200 0.0000 
2022 9 9 11 9.5200 0.20563200 9.5200 0.0000 
2022 9 9 12 9.5200 0.20563200 9.5200 0.0000 
2022 9 9 13 9.5200 0.20563200 9.5200 0.0000 
2022 9 9 14 9.5200 0.20563200 9.5200 0.0000 
2022 9 9 15 9.5200 0.20563200 9.5200 0.0000 
2022 9 9 16 9.5200 0.20563200 9.5200 0.0000 
2022 9 9 17 9.5200 0.20563200 9.5200 0.0000 
2022 9 9 18 9.5200 0.20563200 9.5200 0.0000 
2022 9 9 19 9.5200 0.20563200 9.5200 0.0000 
2022 9 9 20 9.5200 0.20563200 9.5200 0.0000 
2022 9 9 21 9.5200 0.20563200 9.5200 0.0000 
2022 9 9 22 9.5200 0.20563200 9.5200 0.0000 
2022 9 9 23 9.5200 0.20563200 9.5200 0.0000 
2022 9 10 0 9.5200 0.20563200 9.5200 0.0000 
2022 9 10 1 9.5200 0.20563200 9.5200 0.0000 
2022 9 10 2 9.5200 0.20563200 9.5200 0.0000 
2022 9 10 3 9.5200 0.20563200 9.5200 0.0000 
2022 9 10 4 9.5200 0.20563200 9.5200 0.0000 
2022 9 10 5 9.5200 0.20563200 9.5200 0.0000 
2022 9 10 6 9.5200 0.20563200 9.5200 0.0000 
2022 9 10 7 9.5200 0.20563200 9.5200 0.0000 
2022 9 10 8 9.5200 0.20563200 9.5200 0.0000 
2022 9 10 9 9.5200 0.20563200 9.5200 0.0000 
2022 9 10 10 9.5200 0.20563200 9.5200 0.0000 
2022 9 10 11 9.5200 0.20563200 9.5200 0.0000 
2022 9 10 12 9.5200 0.20563200 9.5200 0.0000 
2022 9 10 13 9.5200 0.20563200 9.5200 0.0000 
2022 9 10 14 9.5200 0.20563200 9.5200 0.0000 
2022 9 10 15 9.5200 0.20563200 9.5200 0.0000 
2022 9 10 16 9.5200 0.20563200 9.5200 0.0000 
2022 9 10 17 9.5200 0.20563200 9.5200 0.0000 
2022 9 10 18 9.5200 0.20563200 9.5200 0.0000 
2022 9 10 19 9.5200 0.20563200 9.5200 0.0000 
2022 9 10 20 9.5200 0.20563200 9.5200 0.0000 
2022 9 10 21 9.5200 0.20563200 9.5200 0.0000 
2022 9 10 22 9.5200 0.20563200 9.5200 0.0000 
2022 9 10 23 9.5200 0.20563200 9.5200 0.0000 
2022 9 11 0 9.5200 0.20563200 9.5200 0.0000 
2022 9 11 1 9.5200 0.20563200 9.5200 0.0000 
2022 9 11 2 9.5200 0.20563200 9.5200 0.0000 
2022 9 11 3 9.5200 0.20563200 9.5200 0.0000 
2022 9 11 4 9.5200 0.20563200 9.5200 0.0000 
2022 9 11 5 9.5200 0.20563200 9.5200 0.0000 
2022 9 11 6 9.5200 0.20563200 9.5200 0.0000 
2022 9 11 7 9.5200 0.20563200 9.5200 0.0000 
2022 9 11 8 9.5200 0.20563200 9.5200 0.0000 
2022 9 11 9 9.5200 0.20563200 9.5200 0.0000 
2022 9 11 10 9.5200 0.20563200 9.5200 0.0000 
2022 9 11 11 9.5200 0.20563200 9.5200 0.0000 
2022 9 11 12 9.5200 0.20563200 9.5200 0.0000 
2022 9 11 13 9.5200 0.20563200 9.5200 0.0000 
2022 9 11 14 9.5200 0.20563200 9.5200 0.0000 
2022 9 11 15 9.5200 0.20563200 9.5200 0.0000 
2022 9 11 16 9.5200 0.20563200 9.5200 0.0000 
2022 9 11 17 9.5200 0.20563200 9.5200 0.0000 
2022 9 11 18 9.5200 0.20563200 9.5200 0.0000 
2022 9 11 19 9.5200 0.20563200 9.5200 0.0000 
2022 9 11 20 9.5200 0.20563200 9.5200 0.0000 
2022 9 11 21 9.5200 0.20563200 9.5200 0.0000 
2022 9 11 22 9.5200 0.20563200 9.5200 0.0000 
2022 9 11 23 9.5200 0.20563200 9.5200 0.0000 
2022 9 12 0 9.5200 0.20563200 9.5200 0.0000 
2022 9 12 1 9.5200 0.20563200 9.5200 0.0000 
2022 9 12 2 9.5200 0.20563200 9.5200 0.0000 
2022 9 12 3 9.5200 0.20563200 9.5200 0.0000 
2022 9 12 4 9.5200 0.20563200 9.5200 0.0000 
2022 9 12 5 9.5200 0.20563200 9.5200 0.0000 
2022 9 12 6 9.5200 0.20563200 9.5200 0.0000 
2022 9 12 7 9.5200 0.20563200 9.5200 0.0000 
2022 9 12 8 9.5200 0.20563200 9.5200 0.0000 
2022 9 12 9 9.5200 0.20563200 9.5200 0.0000 
2022 9 12 10 9.5200 0.20563200 9.5200 0.0000 
2022 9 12 11 9.5200 0.20563200 9.5200 0.0000 
2022 9 12 12 9.5200 0.20563200 9.5200 0.0000 
2022 9 12 13 9.5200 0.20563200 9.5200 0.0000 
2022 9 12 14 9.5200 0.20563200 9.5200 0.0000 
2022 9 12 15 9.5200 0.20563200 9.5200 0.0000 
2022 9 12 16 9.5200 0.20563200 9.5200 0.0000 
2022 9 12 17 9.5200 0.20563200 9.5200 0.0000 
2022 9 12 18 9.5200 0.20563200 9.5200 0.0000 
2022 9 12 19 9.5200 0.20563200 9.5200 0.0000 
2022 9 12 20 9.5200 0.20563200 9.5200 0.0000 
2022 9 12 21 9.5200 0.20563200 9.5200 0.0000 
2022 9 12 22 9.5200 0.20563200 9.5200 0.0000 
2022 9 12 23 9.5200 0.20563200 9.5200 0.0000 
2022 9 13 0 9.5200 0.20563200 9.5200 0.0000 
2022 9 13 1 9.5200 0.20563200 9.5200 0.0000 
2022 9 13 2 9.5200 0.20563200 9.5200 0.0000 
2022 9 13 3 9.5200 0.20563200 9.5200 0.0000 
2022 9 13 4 9.5200 0.20563200 9.5200 0.0000 
2022 9 13 5 9.5200 0.20563200 9.5200 0.0000 
2022 9 13 6 9.5200 0.20563200 9.5200 0.0000 
2022 9 13 7 9.5200 0.20563200 9.5200 0.0000 
2022 9 13 8 9.5200 0.20563200 9.5200 0.0000 
2022 9 13 9 9.5200 0.20563200 9.5200 0.0000 
2022 9 13 10 9.5200 0.20563200 9.5200 0.0000 
2022 9 13 11 9.5200 0.20563200 9.5200 0.0000 
2022 9 13 12 9.5200 0.20563200 9.5200 0.0000 
2022 9 13 13 9.5200 0.20563200 9.5200 0.0000 
2022 9 13 14 9.5200 0.20563200 9.5200 0.0000 
2022 9 13 15 9.5200 0.20563200 9.5200 0.0000 
2022 9 13 16 9.5200 0.20563200 9.5200 0.0000 
2022 9 13 17 9.5200 0.20563200 9.5200 0.0000 
2022 9 13 18 9.5200 0.20563200 9.5200 0.0000 
2022 9 13 19 9.5200 0.20563200 9.5200 0.0000 
2022 9 13 20 9.5200 0.20563200 9.5200 0.0000 
2022 9 13 21 9.5200 0.20563200 9.5200 0.0000 
2022 9 13 22 9.5200 0.20563200 9.5200 0.0000 
2022 9 13 23 9.5200 0.20563200 9.5200 0.0000 
2022 9 14 0 9.5200 0.20563200 9.5200 0.0000 
2022 9 14 1 9.5200 0.20563200 9.5200 0.0000 
2022 9 14 2 9.5200 0.20563200 9.5200 0.0000 
2022 9 14 3 9.5200 0.20563200 9.5200 0.0000 
2022 9 14 4 9.5200 0.20563200 9.5200 0.0000 
2022 9 14 5 9.5200 0.20563200 9.5200 0.0000 
2022 9 14 6 9.5200 0.20563200 9.5200 0.0000 
2022 9 14 7 9.5200 0.20563200 9.5200 0.0000 
2022 9 14 8 9.5200 0.20563200 9.5200 0.0000 
2022 9 14 9 9.5200 0.20563200 9.5200 0.0000 
2022 9 14 10 9.5200 0.20563200 9.5200 0.0000 
2022 9 14 11 9.5200 0.20563200 9.5200 0.0000 
2022 9 14 12 9.5200 0.20563200 9.5200 0.0000 
2022 9 14 13 9.5200 0.20563200 9.5200 0.0000 
2022 9 14 14 9.5200 0.20563200 9.5200 0.0000 
2022 9 14 15 9.5200 0.20563200 9.5200 0.0000 
2022 9 14 16 9.5200 0.20563200 9.5200 0.0000 
2022 9 14 17 9.5200 0.20563200 9.5200 0.0000 
2022 9 14 18 9.5200 0.20563200 9.5200 0.0000 
2022 9 14 19 9.5200 0.20563200 9.5200 0.0000 
2022 9 14 20 9.5200 0.20563200 9.5200 0.0000 
2022 9 14 21 9.5200 0.20563200 9.5200 0.0000 
2022 9 14 22 9.5200 0.20563200 9.5200 0.0000 
2022 9 14 23 9.5200 0.20563200 9.5200 0.0000 
2022 9 15 0 9.5200 0.20563200 9.5200 0.0000 
2022 9 15 1 9.5200 0.20563200 9.5200 0.0000 
2022 9 15 2 9.5200 0.20563200 9.5200 0.0000 
2022 9 15 3 9.5200 0.20563200 9.5200 0.0000 
2022 9 15 4 9.5200 0.20563200 9.5200 0.0000 
2022 9 15 5 9.5200 0.20563200 9.5200 0.0000 
2022 9 15 6 9.5200 0.20563200 9.5200 0.0000 
2022 9 15 7 9.5200 0.20563200 9.5200 0.0000 
2022 9 15 8 9.5200 0.20563200 9.5200 0.0000 
2022 9 15 9 9.5200 0.20563200 9.5200 0.0000 
2022 9 15 10 9.5200 0.20563200 9.5200 0.0000 
2022 9 15 11 9.5200 0.20563200 9.5200 0.0000 
2022 9 15 12 9.5200 0.20563200 9.5200 0.0000 
2022 9 15 13 9.5200 0.20563200 9.5200 0.0000 
2022 9 15 14 9.5200 0.20563200 9.5200 0.0000 
2022 9 15 15 9.5200 0.20563200 9.5200 0.0000 
2022 9 15 16 9.5200 0.20563200 9.5200 0.0000 
2022 9 15 17 9.5200 0.20563200 9.5200 0.0000 
2022 9 15 18 9.5200 0.20563200 9.5200 0.0000 
2022 9 15 19 9.5200 0.20563200 9.5200 0.0000 
2022 9 15 20 9.5200 0.20563200 9.5200 0.0000 
2022 9 15 21 9.5200 0.20563200 9.5200 0.0000 
2022 9 15 22 9.5200 0.20563200 9.5200 0.0000 
2022 9 15 23 9.5200 0.20563200 9.5200 0.0000 
2022 9 16 0 9.5200 0.20563200 9.5200 0.0000 
2022 9 16 1 9.5200 0.20563200 9.5200 0.0000 
2022 9 16 2 9.5200 0.20563200 9.5200 0.0000 
2022 9 16 3 9.5200 0.20563200 9.5200 0.0000 
2022 9 16 4 9.5200 0.20563200 9.5200 0.0000 
2022 9 16 5 9.5200 0.20563200 9.5200 0.0000 
2022 9 16 6 9.5200 0.20563200 9.5200 0.0000 
2022 9 16 7 9.5200 0.20563200 9.5200 0.0000 
2022 9 16 8 9.5200 0.20563200 9.5200 0.0000 
2022 9 16 9 9.5200 0.20563200 9.5200 0.0000 
2022 9 16 10 9.5200 0.20563200 9.5200 0.0000 
2022 9 16 11 9.5200 0.20563200 9.5200 0.0000 
2022 9 16 12 9.5200 0.20563200 9.5200 0.0000 
2022 9 16 13 9.5200 0.20563200 9.5200 0.0000 
2022 9 16 14 9.5200 0.20563200 9.5200 0.0000 
2022 9 16 15 9.5200 0.20563200 9.5200 0.0000 
2022 9 16 16 9.5200 0.20563200 9.5200 0.0000 
2022 9 16 17 9.5200 0.20563200 9.5200 0.0000 
2022 9 16 18 9.5200 0.20563200 9.5200 0.0000 
2022 9 16 19 9.5200 0.20563200 9.5200 0.0000 
2022 9 16 20 9.5200 0.20563200 9.5200 0.0000 
2022 9 16 21 9.5200 0.20563200 9.5200 0.0000 
2022 9 16 22 9.5200 0.20563200 9.5200 0.0000 
2022 9 16 23 9.5200 0.20563200 9.5200 0.0000 
2022 9 17 0 9.5200 0.20563200 9.5200 0.0000 
2022 9 17 1 9.5200 0.20563200 9.5200 0.0000 
2022 9 17 2 9.5200 0.20563200 9.5200 0.0000 
2022 9 17 3 9.5200 0.20563200 9.5200 0.0000 
2022 9 17 4 9.5200 0.20563200 9.5200 0.0000 
2022 9 17 5 9.5200 0.20563200 9.5200 0.0000 
2022 9 17 6 9.5200 0.20563200 9.5200 0.0000 
2022 9 17 7 9.5200 0.20563200 9.5200 0.0000 
2022 9 17 8 9.5200 0.20563200 9.5200 0.0000 
2022 9 17 9 9.5200 0.20563200 9.5200 0.0000 
2022 9 17 10 9.5200 0.20563200 9.5200 0.0000 
2022 9 17 11 9.5200 0.20563200 9.5200 0.0000 
2022 9 17 12 9.5200 0.20563200 9.5200 0.0000 
2022 9 17 13 9.5200 0.20563200 9.5200 0.0000 
2022 9 17 14 9.5200 0.20563200 9.5200 0.0000 
2022 9 17 15 9.5200 0.20563200 9.5200 0.0000 
2022 9 17 16 9.5200 0.20563200 9.5200 0.0000 
2022 9 17 17 9.5200 0.20563200 9.5200 0.0000 
2022 9 17 18 9.5200 0.20563200 9.5200 0.0000 
2022 9 17 19 9.5200 0.20563200 9.5200 0.0000 
2022 9 17 20 9.5200 0.20563200 9.5200 0.0000 
2022 9 17 21 9.5200 0.20563200 9.5200 0.0000 
2022 9 17 22 9.5200 0.20563200 9.5200 0.0000 
2022 9 17 23 9.5200 0.20563200 9.5200 0.0000 
2022 9 18 0 9.5200 0.20563200 9.5200 0.0000 
2022 9 18 1 9.5200 0.20563200 9.5200 0.0000 
2022 9 18 2 9.5200 0.20563200 9.5200 0.0000 
2022 9 18 3 9.5200 0.20563200 9.5200 0.0000 
2022 9 18 4 9.5200 0.20563200 9.5200 0.0000 
2022 9 18 5 9.5200 0.20563200 9.5200 0.0000 
2022 9 18 6 9.5200 0.20563200 9.5200 0.0000 
2022 9 18 7 9.5200 0.20563200 9.5200 0.0000 
2022 9 18 8 9.5200 0.20563200 9.5200 0.0000 
2022 9 18 9 9.5200 0.20563200 9.5200 0.0000 
2022 9 18 10 9.5200 0.20563200 9.5200 0.0000 
2022 9 18 11 9.5200 0.20563200 9.5200 0.0000 
2022 9 18 12 9.5200 0.20563200 9.5200 0.0000 
2022 9 18 13 9.5200 0.20563200 9.5200 0.0000 
2022 9 18 14 9.5200 0.20563200 9.5200 0.0000 
2022 9 18 15 9.5200 0.20563200 9.5200 0.0000 
2022 9 18 16 9.5200 0.20563200 9.5200 0.0000 
2022 9 18 17 9.5200 0.20563200 9.5200 0.0000 
2022 9 18 18 9.5200 0.20563200 9.5200 0.0000 
2022 9 18 19 9.5200 0.20563200 9.5200 0.0000 
2022 9 18 20 9.5200 0.20563200 9.5200 0.0000 
2022 9 18 21 9.5200 0.20563200 9.5200 0.0000 
2022 9 18 22 9.5200 0.20563200 9.5200 0.0000 
2022 9 18 23 9.5200 0.20563200 9.5200 0.0000 
2022 9 19 0 9.5200 0.20563200 9.5200 0.0000 
2022 9 19 1 9.5200 0.20563200 9.5200 0.0000 
2022 9 19 2 9.5200 0.20563200 9.5200 0.0000 
2022 9 19 3 9.5200 0.20563200 9.5200 0.0000 
2022 9 19 4 9.5200 0.20563200 9.5200 0.0000 
2022 9 19 5 9.5200 0.20563200 9.5200 0.0000 
2022 9 19 6 9.5200 0.20563200 9.5200 0.0000 
2022 9 19 7 9.5200 0.20563200 9.5200 0.0000 
2022 9 19 8 9.5200 0.20563200 9.5200 0.0000 
2022 9 19 9 9.5200 0.20563200 9.5200 0.0000 
2022 9 19 10 9.5200 0.20563200 9.5200 0.0000 
2022 9 19 11 9.5200 0.20563200 9.5200 0.0000 
2022 9 19 12 9.5200 0.20563200 9.5200 0.0000 
2022 9 19 13 9.5200 0.20563200 9.5200 0.0000 
2022 9 19 14 9.5200 0.20563200 9.5200 0.0000 
2022 9 19 15 9.5200 0.20563200 9.5200 0.0000 
2022 9 19 16 9.5200 0.20563200 9.5200 0.0000 
2022 9 19 17 9.5200 0.20563200 9.5200 0.0000 
2022 9 19 18 9.5200 0.20563200 9.5200 0.0000 
2022 9 19 19 9.5200 0.20563200 9.5200 0.0000 
2022 9 19 20 9.5200 0.20563200 9.5200 0.0000 
2022 9 19 21 9.5200 0.20563200 9.5200 0.0000 
2022 9 19 22 9.5200 0.20563200 9.5200 0.0000 
2022 9 19 23 9.5200 0.20563200 9.5200 0.0000 
2022 9 20 0 9.5200 0.20563200 9.5200 0.0000 
2022 9 20 1 9.5200 0.20563200 9.5200 0.0000 
2022 9 20 2 9.5200 0.20563200 9.5200 0.0000 
2022 9 20 3 9.5200 0.20563200 9.5200 0.0000 
2022 9 20 4 9.5200 0.20563200 9.5200 0.0000 
2022 9 20 5 9.5200 0.20563200 9.5200 0.0000 
2022 9 20 6 9.5200 0.20563200 9.5200 0.0000 
2022 9 20 7 9.5200 0.20563200 9.5200 0.0000 
2022 9 20 8 9.5200 0.20563200 9.5200 0.0000 
2022 9 20 9 9.5200 0.20563200 9.5200 0.0000 
2022 9 20 10 9.5200 0.20563200 9.5200 0.0000 
2022 9 20 11 9.5200 0.20563200 9.5200 0.0000 
2022 9 20 12 9.5200 0.20563200 9.5200 0.0000 
2022 9 20 13 9.5200 0.20563200 9.5200 0.0000 
2022 9 20 14 9.5200 0.20563200 9.5200 0.0000 
2022 9 20 15 9.5200 0.20563200 9.5200 0.0000 
2022 9 20 16 9.5200 0.20563200 9.5200 0.0000 
2022 9 20 17 9.5200 0.20563200 9.5200 0.0000 
2022 9 20 18 9.5200 0.20563200 9.5200 0.0000 
2022 9 20 19 9.5200 0.20563200 9.5200 0.0000 
2022 9 20 20 9.5200 0.20563200 9.5200 0.0000 
2022 9 20 21 9.5200 0.20563200 9.5200 0.0000 
2022 9 20 22 9.5200 0.20563200 9.5200 0.0000 
2022 9 20 23 9.5200 0.20563200 9.5200 0.0000 
2022 9 21 0 9.5200 0.20563200 9.5200 0.0000 
2022 9 21 1 9.5200 0.20563200 9.5200 0.0000 
2022 9 21 2 9.5200 0.20563200 9.5200 0.0000 
2022 9 21 3 9.5200 0.20563200 9.5200 0.0000 
2022 9 21 4 9.5200 0.20563200 9.5200 0.0000 
2022 9 21 5 9.5200 0.20563200 9.5200 0.0000 
2022 9 21 6 9.5200 0.20563200 9.5200 0.0000 
2022 9 21 7 9.5200 0.20563200 9.5200 0.0000 
2022 9 21 8 9.5200 0.20563200 9.5200 0.0000 
2022 9 21 9 9.5200 0.20563200 9.5200 0.0000 
2022 9 21 10 9.5200 0.20563200 9.5200 0.0000 
2022 9 21 11 9.5200 0.20563200 9.5200 0.0000 
2022 9 21 12 9.5200 0.20563200 9.5200 0.0000 
2022 9 21 13 9.5200 0.20563200 9.5200 0.0000 
2022 9 21 14 9.5200 0.20563200 9.5200 0.0000 
2022 9 21 15 9.5200 0.20563200 9.5200 0.0000 
2022 9 21 16 9.5200 0.20563200 9.5200 0.0000 
2022 9 21 17 9.5200 0.20563200 9.5200 0.0000 
2022 9 21 18 9.5200 0.20563200 9.5200 0.0000 
2022 9 21 19 9.5200 0.20563200 9.5200 0.0000 
2022 9 21 20 9.5200 0.20563200 9.5200 0.0000 
2022 9 21 21 9.5200 0.20563200 9.5200 0.0000 
2022 9 21 22 9.5200 0.20563200 9.5200 0.0000 
2022 9 21 23 9.5200 0.20563200 9.5200 0.0000 
2022 9 22 0 9.5200 0.20563200 9.5200 0.0000 
2022 9 22 1 9.5200 0.20563200 9.5200 0.0000 
2022 9 22 2 9.5200 0.20563200 9.5200 0.0000 
2022 9 22 3 9.5200 0.20563200 9.5200 0.0000 
2022 9 22 4 9.5200 0.20563200 9.5200 0.0000 
2022 9 22 5 9.5200 0.20563200 9.5200 0.0000 
2022 9 22 6 9.5200 0.20563200 9.5200 0.0000 
2022 9 22 7 9.5200 0.20563200 9.5200 0.0000 
2022 9 22 8 9.5200 0.20563200 9.5200 0.0000 
2022 9 22 9 9.5200 0.20563200 9.5200 0.0000 
2022 9 22 10 9.5200 0.20563200 9.5200 0.0000 
2022 9 22 11 9.5200 0.20563200 9.5200 0.0000 
2022 9 22 12 9.5200 0.20563200 9.5200 0.0000 
2022 9 22 13 9.5200 0.20563200 9.5200 0.0000 
2022 9 22 14 9.5200 0.20563200 9.5200 0.0000 
2022 9 22 15 9.5200 0.20563200 9.5200 0.0000 
2022 9 22 16 9.5200 0.20563200 9.5200 0.0000 
2022 9 22 17 9.5200 0.20563200 9.5200 0.0000 
2022 9 22 18 9.5200 0.20563200 9.5200 0.0000 
2022 9 22 19 9.5200 0.20563200 9.5200 0.0000 
2022 9 22 20 9.5200 0.20563200 9.5200 0.0000 
2022 9 22 21 9.5200 0.20563200 9.5200 0.0000 
2022 9 22 22 9.5200 0.20563200 9.5200 0.0000 
2022 9 22 23 9.5200 0.20563200 9.5200 0.0000 
2022 9 23 0 9.5200 0.20563200 9.5200 0.0000 
2022 9 23 1 9.5200 0.20563200 9.5200 0.0000 
2022 9 23 2 9.5200 0.20563200 9.5200 0.0000 
2022 9 23 3 9.5200 0.20563200 9.5200 0.0000 
2022 9 23 4 9.5200 0.20563200 9.5200 0.0000 
2022 9 23 5 9.5200 0.20563200 9.5200 0.0000 
2022 9 23 6 9.5200 0.20563200 9.5200 0.0000 
2022 9 23 7 9.5200 0.20563200 9.5200 0.0000 
2022 9 23 8 9.5200 0.20563200 9.5200 0.0000 
2022 9 23 9 9.5200 0.20563200 9.5200 0.0000 
2022 9 23 10 9.5200 0.20563200 9.5200 0.0000 
2022 9 23 11 9.5200 0.20563200 9.5200 0.0000 
2022 9 23 12 9.5200 0.20563200 9.5200 0.0000 
2022 9 23 13 9.5200 0.20563200 9.5200 0.0000 
2022 9 23 14 9.5200 0.20563200 9.5200 0.0000 
2022 9 23 15 9.5200 0.20563200 9.5200 0.0000 
2022 9 23 16 9.5200 0.20563200 9.5200 0.0000 
2022 9 23 17 9.5200 0.20563200 9.5200 0.0000 
2022 9 23 18 9.5200 0.20563200 9.5200 0.0000 
2022 9 23 19 9.5200 0.20563200 9.5200 0.0000 
2022 9 23 20 9.5200 0.20563200 9.5200 0.0000 
2022 9 23 21 9.5200 0.20563200 9.5200 0.0000 
2022 9 23 22 9.5200 0.20563200 9.5200 0.0000 
2022 9 23 23 9.5200 0.20563200 9.5200 0.0000 
2022 9 24 0 9.5200 0.20563200 9.5200 0.0000 
2022 9 24 1 9.5200 0.20563200 9.5200 0.0000 
2022 9 24 2 9.5200 0.20563200 9.5200 0.0000 
2022 9 24 3 9.5200 0.20563200 9.5200 0.0000 
2022 9 24 4 9.5200 0.20563200 9.5200 0.0000 
2022 9 24 5 9.5200 0.20563200 9.5200 0.0000 
2022 9 24 6 9.5200 0.20563200 9.5200 0.0000 
2022 9 24 7 9.5200 0.20563200 9.5200 0.0000 
2022 9 24 8 9.5200 0.20563200 9.5200 0.0000 
2022 9 24 9 9.5200 0.20563200 9.5200 0.0000 
2022 9 24 10 9.5200 0.20563200 9.5200 0.0000 
2022 9 24 11 9.5200 0.20563200 9.5200 0.0000 
2022 9 24 12 9.5200 0.20563200 9.5200 0.0000 
2022 9 24 13 9.5200 0.20563200 9.5200 0.0000 
2022 9 24 14 9.5200 0.20563200 9.5200 0.0000 
2022 9 24 15 9.5200 0.20563200 9.5200 0.0000 
2022 9 24 16 9.5200 0.20563200 9.5200 0.0000 
2022 9 24 17 9.5200 0.20563200 9.5200 0.0000 
2022 9 24 18 9.5200 0.20563200 9.5200 0.0000 
2022 9 24 19 9.5200 0.20563200 9.5200 0.0000 
2022 9 24 20 9.5200 0.20563200 9.5200 0.0000 
2022 9 24 21 9.5200 0.20563200 9.5200 0.0000 
2022 9 24 22 9.5200 0.20563200 9.5200 0.0000 
2022 9 24 23 9.5200 0.20563200 9.5200 0.0000 
2022 9 25 0 9.5200 0.20563200 9.5200 0.0000 
2022 9 25 1 9.5200 0.20563200 9.5200 0.0000 
2022 9 25 2 9.5200 0.20563200 9.5200 0.0000 
2022 9 25 3 9.5200 0.20563200 9.5200 0.0000 
2022 9 25 4 9.5200 0.20563200 9.5200 0.0000 
2022 9 25 5 9.5200 0.20563200 9.5200 0.0000 
2022 9 25 6 9.5200 0.20563200 9.5200 0.0000 
2022 9 25 7 9.5200 0.20563200 9.5200 0.0000 
2022 9 25 8 9.5200 0.20563200 9.5200 0.0000 
2022 9 25 9 9.5200 0.20563200 9.5200 0.0000 
2022 9 25 10 9.5200 0.20563200 9.5200 0.0000 
2022 9 25 11 9.5200 0.20563200 9.5200 0.0000 
2022 9 25 12 9.5200 0.20563200 9.5200 0.0000 
2022 9 25 13 9.5200 0.20563200 9.5200 0.0000 
2022 9 25 14 9.5200 0.20563200 9.5200 0.0000 
2022 9 25 15 9.5200 0.20563200 9.5200 0.0000 
2022 9 25 16 9.5200 0.20563200 9.5200 0.0000 
2022 9 25 17 9.5200 0.20563200 9.5200 0.0000 
2022 9 25 18 9.5200 0.20563200 9.5200 0.0000 
2022 9 25 19 9.5200 0.20563200 9.5200 0.0000 
2022 9 25 20 9.5200 0.20563200 9.5200 0.0000 
2022 9 25 21 9.5200 0.20563200 9.5200 0.0000 
2022 9 25 22 9.5200 0.20563200 9.5200 0.0000 
2022 9 25 23 9.5200 0.20563200 9.5200 0.0000 
2022 9 26 0 9.5200 0.20563200 9.5200 0.0000 
2022 9 26 1 9.5200 0.20563200 9.5200 0.0000 
2022 9 26 2 9.5200 0.20563200 9.5200 0.0000 
2022 9 26 3 9.5200 0.20563200 9.5200 0.0000 
2022 9 26 4 9.5200 0.20563200 9.5200 0.0000 
2022 9 26 5 9.5200 0.20563200 9.5200 0.0000 
2022 9 26 6 9.5200 0.20563200 9.5200 0.0000 
2022 9 26 7 9.5200 0.20563200 9.5200 0.0000 
2022 9 26 8 9.5200 0.20563200 9.5200 0.0000 
2022 9 26 9 9.5200 0.20563200 9.5200 0.0000 
2022 9 26 10 9.5200 0.20563200 9.5200 0.0000 
2022 9 26 11 9.5200 0.20563200 9.5200 0.0000 
2022 9 26 12 9.5200 0.20563200 9.5200 0.0000 
2022 9 26 13 9.5200 0.20563200 9.5200 0.0000 
2022 9 26 14 9.5200 0.20563200 9.5200 0.0000 
2022 9 26 15 9.5200 0.20563200 9.5200 0.0000 
2022 9 26 16 9.5200 0.20563200 9.5200 0.0000 
2022 9 26 17 9.5200 0.20563200 9.5200 0.0000 
2022 9 26 18 9.5200 0.20563200 9.5200 0.0000 
2022 9 26 19 9.5200 0.20563200 9.5200 0.0000 
2022 9 26 20 9.5200 0.20563200 9.5200 0.0000 
2022 9 26 21 9.5200 0.20563200 9.5200 0.0000 
2022 9 26 22 9.5200 0.20563200 9.5200 0.0000 
2022 9 26 23 9.5200 0.20563200 9.5200 0.0000 
2022 9 27 0 9.5200 0.20563200 9.5200 0.0000 
2022 9 27 1 9.5200 0.20563200 9.5200 0.0000 
2022 9 27 2 9.5200 0.20563200 9.5200 0.0000 
2022 9 27 3 9.5200 0.20563200 9.5200 0.0000 
2022 9 27 4 9.5200 0.20563200 9.5200 0.0000 
2022 9 27 5 9.5200 0.20563200 9.5200 0.0000 
2022 9 27 6 9.5200 0.20563200 9.5200 0.0000 
2022 9 27 7 9.5200 0.20563200 9.5200 0.0000 
2022 9 27 8 9.5200 0.20563200 9.5200 0.0000 
2022 9 27 9 9.5200 0.20563200 9.5200 0.0000 
2022 9 27 10 9.5200 0.20563200 9.5200 0.0000 
2022 9 27 11 9.5200 0.20563200 9.5200 0.0000 
2022 9 27 12 9.5200 0.20563200 9.5200 0.0000 
2022 9 27 13 9.5200 0.20563200 9.5200 0.0000 
2022 9 27 14 9.5200 0.20563200 9.5200 0.0000 
2022 9 27 15 9.5200 0.20563200 9.5200 0.0000 
2022 9 27 16 9.5200 0.20563200 9.5200 0.0000 
2022 9 27 17 9.5200 0.20563200 9.5200 0.0000 
2022 9 27 18 9.5200 0.20563200 9.5200 0.0000 
2022 9 27 19 9.5200 0.20563200 9.5200 0.0000 
2022 9 27 20 9.5200 0.20563200 9.5200 0.0000 
2022 9 27 21 9.5200 0.20563200 9.5200 0.0000 
2022 9 27 22 9.5200 0.20563200 9.5200 0.0000 
2022 9 27 23 9.5200 0.20563200 9.5200 0.0000 
2022 9 28 0 9.5200 0.20563200 9.5200 0.0000 
2022 9 28 1 9.5200 0.20563200 9.5200 0.0000 
2022 9 28 2 9.5200 0.20563200 9.5200 0.0000 
2022 9 28 3 9.5200 0.20563200 9.5200 0.0000 
2022 9 28 4 9.5200 0.20563200 9.5200 0.0000 
2022 9 28 5 9.5200 0.20563200 9.5200 0.0000 
2022 9 28 6 9.5200 0.20563200 9.5200 0.0000 
2022 9 28 7 9.5200 0.20563200 9.5200 0.0000 
2022 9 28 8 9.5200 0.20563200 9.5200 0.0000 
2022 9 28 9 9.5200 0.20563200 9.5200 0.0000 
2022 9 28 10 9.5200 0.20563200 9.5200 0.0000 
2022 9 28 11 9.5200 0.20563200 9.5200 0.0000 
2022 9 28 12 9.5200 0.20563200 9.5200 0.0000 
2022 9 28 13 9.5200 0.20563200 9.5200 0.0000 
2022 9 28 14 9.5200 0.20563200 9.5200 0.0000 
2022 9 28 15 9.5200 0.20563200 9.5200 0.0000 
2022 9 28 16 9.5200 0.20563200 9.5200 0.0000 
2022 9 28 17 9.5200 0.20563200 9.5200 0.0000 
2022 9 28 18 9.5200 0.20563200 9.5200 0.0000 
2022 9 28 19 9.5200 0.20563200 9.5200 0.0000 
2022 9 28 20 9.5200 0.20563200 9.5200 0.0000 
2022 9 28 21 9.5200 0.20563200 9.5200 0.0000 
2022 9 28 22 9.5200 0.20563200 9.5200 0.0000 
2022 9 28 23 9.5200 0.20563200 9.5200 0.0000 
2022 9 29 0 9.5200 0.20563200 9.5200 0.0000 
2022 9 29 1 9.5200 0.20563200 9.5200 0.0000 
2022 9 29 2 9.5200 0.20563200 9.5200 0.0000 
2022 9 29 3 9.5200 0.20563200 9.5200 0.0000 
2022 9 29 4 9.5200 0.20563200 9.5200 0.0000 
2022 9 29 5 9.5200 0.20563200 9.5200 0.0000 
2022 9 29 6 9.5200 0.20563200 9.5200 0.0000 
2022 9 29 7 9.5200 0.20563200 9.5200 0.0000 
2022 9 29 8 9.5200 0.20563200 9.5200 0.0000 
2022 9 29 9 9.5200 0.20563200 9.5200 0.0000 
2022 9 29 10 9.5200 0.20563200 9.5200 0.0000 
2022 9 29 11 9.5200 0.20563200 9.5200 0.0000 
2022 9 29 12 9.5200 0.20563200 9.5200 0.0000 
2022 9 29 13 9.5200 0.20563200 9.5200 0.0000 
2022 9 29 14 9.5200 0.20563200 9.5200 0.0000 
2022 9 29 15 9.5200 0.20563200 9.5200 0.0000 
2022 9 29 16 9.5200 0.20563200 9.5200 0.0000 
2022 9 29 17 9.5200 0.20563200 9.5200 0.0000 
2022 9 29 18 9.5200 0.20563200 9.5200 0.0000 
2022 9 29 19 9.5200 0.20563200 9.5200 0.0000 
2022 9 29 20 9.5200 0.20563200 9.5200 0.0000 
2022 9 29 21 9.5200 0.20563200 9.5200 0.0000 
2022 9 29 22 9.5200 0.20563200 9.5200 0.0000 
2022 9 29 23 9.5200 0.20563200 9.5200 0.0000 
2022 9 30 0 9.5200 0.20563200 9.5200 0.0000 
2022 9 30 1 9.5200 0.20563200 9.5200 0.0000 
2022 9 30 2 9.5200 0.20563200 9.5200 0.0000 
2022 9 30 3 9.5200 0.20563200 9.5200 0.0000 
2022 9 30 4 9.5200 0.20563200 9.5200 0.0000 
2022 9 30 5 9.5200 0.20563200 9.5200 0.0000 
2022 9 30 6 9.5200 0.20563200 9.5200 0.0000 
2022 9 30 7 9.5200 0.20563200 9.5200 0.0000 
2022 9 30 8 9.5200 0.20563200 9.5200 0.0000 
2022 9 30 9 9.5200 0.20563200 9.5200 0.0000 
2022 9 30 10 9.5200 0.20563200 9.5200 0.0000 
2022 9 30 11 9.5200 0.20563200 9.5200 0.0000 
2022 9 30 12 9.5200 0.20563200 9.5200 0.0000 
2022 9 30 13 9.5200 0.20563200 9.5200 0.0000 
2022 9 30 14 9.5200 0.20563200 9.5200 0.0000 
2022 9 30 15 9.5200 0.20563200 9.5200 0.0000 
2022 9 30 16 9.5200 0.20563200 9.5200 0.0000 
2022 9 30 17 9.5200 0.20563200 9.5200 0.0000 
2022 9 30 18 9.5200 0.20563200 9.5200 0.0000 
2022 9 30 19 9.5200 0.20563200 9.5200 0.0000 
2022 9 30 20 9.5200 0.20563200 9.5200 0.0000 
2022 9 30 21 9.5200 0.20563200 9.5200 0.0000 
2022 9 30 22 9.5200 0.20563200 9.5200 0.0000 
2022 9 30 23 9.5200 0.20563200 9.5200 0.0000 
2022 10 1 0 9.5200 0.20563200 9.5200 0.0000 
2022 10 1 1 9.5200 0.20563200 9.5200 0.0000 
2022 10 1 2 9.5200 0.20563200 9.5200 0.0000 
2022 10 1 3 9.5200 0.20563200 9.5200 0.0000 
2022 10 1 4 9.5200 0.20563200 9.5200 0.0000 
2022 10 1 5 9.5200 0.20563200 9.5200 0.0000 
2022 10 1 6 9.5200 0.20563200 9.5200 0.0000 
2022 10 1 7 9.5200 0.20563200 9.5200 0.0000 
2022 10 1 8 9.5200 0.20563200 9.5200 0.0000 
2022 10 1 9 9.5200 0.20563200 9.5200 0.0000 
2022 10 1 10 9.5200 0.20563200 9.5200 0.0000 
2022 10 1 11 9.5200 0.20563200 9.5200 0.0000 
2022 10 1 12 9.5200 0.20563200 9.5200 0.0000 
2022 10 1 13 9.5200 0.20563200 9.5200 0.0000 
2022 10 1 14 9.5200 0.20563200 9.5200 0.0000 
2022 10 1 15 9.5200 0.20563200 9.5200 0.0000 
2022 10 1 16 9.5200 0.20563200 9.5200 0.0000 
2022 10 1 17 9.5200 0.20563200 9.5200 0.0000 
2022 10 1 18 9.5200 0.20563200 9.5200 0.0000 
2022 10 1 19 9.5200 0.20563200 9.5200 0.0000 
2022 10 1 20 9.5200 0.20563200 9.5200 0.0000 
2022 10 1 21 9.5200 0.20563200 9.5200 0.0000 
2022 10 1 22 9.5200 0.20563200 9.5200 0.0000 
2022 10 1 23 9.5200 0.20563200 9.5200 0.0000 
2022 10 2 0 9.5200 0.20563200 9.5200 0.0000 
2022 10 2 1 9.5200 0.20563200 9.5200 0.0000 
2022 10 2 2 9.5200 0.20563200 9.5200 0.0000 
2022 10 2 3 9.5200 0.20563200 9.5200 0.0000 
2022 10 2 4 9.5200 0.20563200 9.5200 0.0000 
2022 10 2 5 9.5200 0.20563200 9.5200 0.0000 
2022 10 2 6 9.5200 0.20563200 9.5200 0.0000 
2022 10 2 7 9.5200 0.20563200 9.5200 0.0000 
2022 10 2 8 9.5200 0.20563200 9.5200 0.0000 
2022 10 2 9 9.5200 0.20563200 9.5200 0.0000 
2022 10 2 10 9.5200 0.20563200 9.5200 0.0000 
2022 10 2 11 9.5200 0.20563200 9.5200 0.0000 
2022 10 2 12 9.5200 0.20563200 9.5200 0.0000 
2022 10 2 13 9.5200 0.20563200 9.5200 0.0000 
2022 10 2 14 9.5200 0.20563200 9.5200 0.0000 
2022 10 2 15 9.5200 0.20563200 9.5200 0.0000 
2022 10 2 16 9.5200 0.20563200 9.5200 0.0000 
2022 10 2 17 9.5200 0.20563200 9.5200 0.0000 
2022 10 2 18 9.5200 0.20563200 9.5200 0.0000 
2022 10 2 19 9.5200 0.20563200 9.5200 0.0000 
2022 10 2 20 9.5200 0.20563200 9.5200 0.0000 
2022 10 2 21 9.5200 0.20563200 9.5200 0.0000 
2022 10 2 22 9.5200 0.20563200 9.5200 0.0000 
2022 10 2 23 9.5200 0.20563200 9.5200 0.0000 
2022 10 3 0 9.5200 0.20563200 9.5200 0.0000 
2022 10 3 1 9.5200 0.20563200 9.5200 0.0000 
2022 10 3 2 9.5200 0.20563200 9.5200 0.0000 
2022 10 3 3 9.5200 0.20563200 9.5200 0.0000 
2022 10 3 4 9.5200 0.20563200 9.5200 0.0000 
2022 10 3 5 9.5200 0.20563200 9.5200 0.0000 
2022 10 3 6 9.5200 0.20563200 9.5200 0.0000 
2022 10 3 7 9.5200 0.20563200 9.5200 0.0000 
2022 10 3 8 9.5200 0.20563200 9.5200 0.0000 
2022 10 3 9 9.5200 0.20563200 9.5200 0.0000 
2022 10 3 10 9.5200 0.20563200 9.5200 0.0000 
2022 10 3 11 9.5200 0.20563200 9.5200 0.0000 
2022 10 3 12 9.5200 0.20563200 9.5200 0.0000 
2022 10 3 13 9.5200 0.20563200 9.5200 0.0000 
2022 10 3 14 9.5200 0.20563200 9.5200 0.0000 
2022 10 3 15 9.5200 0.20563200 9.5200 0.0000 
2022 10 3 16 9.5200 0.20563200 9.5200 0.0000 
2022 10 3 17 9.5200 0.20563200 9.5200 0.0000 
2022 10 3 18 9.5200 0.20563200 9.5200 0.0000 
2022 10 3 19 9.5200 0.20563200 9.5200 0.0000 
2022 10 3 20 9.5200 0.20563200 9.5200 0.0000 
2022 10 3 21 9.5200 0.20563200 9.5200 0.0000 
2022 10 3 22 9.5200 0.20563200 9.5200 0.0000 
2022 10 3 23 9.5200 0.20563200 9.5200 0.0000 
2022 10 4 0 9.5200 0.20563200 9.5200 0.0000 
2022 10 4 1 9.5200 0.20563200 9.5200 0.0000 
2022 10 4 2 9.5200 0.20563200 9.5200 0.0000 
2022 10 4 3 9.5200 0.20563200 9.5200 0.0000 
2022 10 4 4 9.5200 0.20563200 9.5200 0.0000 
2022 10 4 5 9.5200 0.20563200 9.5200 0.0000 
2022 10 4 6 9.5200 0.20563200 9.5200 0.0000 
2022 10 4 7 9.5200 0.20563200 9.5200 0.0000 
2022 10 4 8 9.5200 0.20563200 9.5200 0.0000 
2022 10 4 9 9.5200 0.20563200 9.5200 0.0000 
2022 10 4 10 9.5200 0.20563200 9.5200 0.0000 
2022 10 4 11 9.5200 0.20563200 9.5200 0.0000 
2022 10 4 12 9.5200 0.20563200 9.5200 0.0000 
2022 10 4 13 9.5200 0.20563200 9.5200 0.0000 
2022 10 4 14 9.5200 0.20563200 9.5200 0.0000 
2022 10 4 15 9.5200 0.20563200 9.5200 0.0000 
2022 10 4 16 9.5200 0.20563200 9.5200 0.0000 
2022 10 4 17 9.5200 0.20563200 9.5200 0.0000 
2022 10 4 18 9.5200 0.20563200 9.5200 0.0000 
2022 10 4 19 9.5200 0.20563200 9.5200 0.0000 
2022 10 4 20 9.5200 0.20563200 9.5200 0.0000 
2022 10 4 21 9.5200 0.20563200 9.5200 0.0000 
2022 10 4 22 9.5200 0.20563200 9.5200 0.0000 
2022 10 4 23 9.5200 0.20563200 9.5200 0.0000 
2022 10 5 0 9.5200 0.20563200 9.5200 0.0000 
2022 10 5 1 9.5200 0.20563200 9.5200 0.0000 
2022 10 5 2 9.5200 0.20563200 9.5200 0.0000 
2022 10 5 3 9.5200 0.20563200 9.5200 0.0000 
2022 10 5 4 9.5200 0.20563200 9.5200 0.0000 
2022 10 5 5 9.5200 0.20563200 9.5200 0.0000 
2022 10 5 6 9.5200 0.20563200 9.5200 0.0000 
2022 10 5 7 9.5200 0.20563200 9.5200 0.0000 
2022 10 5 8 9.5200 0.20563200 9.5200 0.0000 
2022 10 5 9 9.5200 0.20563200 9.5200 0.0000 
2022 10 5 10 9.5200 0.20563200 9.5200 0.0000 
2022 10 5 11 9.5200 0.20563200 9.5200 0.0000 
2022 10 5 12 9.5200 0.20563200 9.5200 0.0000 
2022 10 5 13 9.5200 0.20563200 9.5200 0.0000 
2022 10 5 14 9.5200 0.20563200 9.5200 0.0000 
2022 10 5 15 9.5200 0.20563200 9.5200 0.0000 
2022 10 5 16 9.5200 0.20563200 9.5200 0.0000 
2022 10 5 17 9.5200 0.20563200 9.5200 0.0000 
2022 10 5 18 9.5200 0.20563200 9.5200 0.0000 
2022 10 5 19 9.5200 0.20563200 9.5200 0.0000 
2022 10 5 20 9.5200 0.20563200 9.5200 0.0000 
2022 10 5 21 9.5200 0.20563200 9.5200 0.0000 
2022 10 5 22 9.5200 0.20563200 9.5200 0.0000 
2022 10 5 23 9.5200 0.20563200 9.5200 0.0000 
2022 10 6 0 9.5200 0.20563200 9.5200 0.0000 
2022 10 6 1 9.5200 0.20563200 9.5200 0.0000 
2022 10 6 2 9.5200 0.20563200 9.5200 0.0000 
2022 10 6 3 9.5200 0.20563200 9.5200 0.0000 
2022 10 6 4 9.5200 0.20563200 9.5200 0.0000 
2022 10 6 5 9.5200 0.20563200 9.5200 0.0000 
2022 10 6 6 9.5200 0.20563200 9.5200 0.0000 
2022 10 6 7 9.5200 0.20563200 9.5200 0.0000 
2022 10 6 8 9.5200 0.20563200 9.5200 0.0000 
2022 10 6 9 9.5200 0.20563200 9.5200 0.0000 
2022 10 6 10 9.5200 0.20563200 9.5200 0.0000 
2022 10 6 11 9.5200 0.20563200 9.5200 0.0000 
2022 10 6 12 9.5200 0.20563200 9.5200 0.0000 
2022 10 6 13 9.5200 0.20563200 9.5200 0.0000 
2022 10 6 14 9.5200 0.20563200 9.5200 0.0000 
2022 10 6 15 9.5200 0.20563200 9.5200 0.0000 
2022 10 6 16 9.5200 0.20563200 9.5200 0.0000 
2022 10 6 17 9.5200 0.20563200 9.5200 0.0000 
2022 10 6 18 9.5200 0.20563200 9.5200 0.0000 
2022 10 6 19 9.5200 0.20563200 9.5200 0.0000 
2022 10 6 20 9.5200 0.20563200 9.5200 0.0000 
2022 10 6 21 9.5200 0.20563200 9.5200 0.0000 
2022 10 6 22 9.5200 0.20563200 9.5200 0.0000 
2022 10 6 23 9.5200 0.20563200 9.5200 0.0000 
2022 10 7 0 9.5200 0.20563200 9.5200 0.0000 
2022 10 7 1 9.5200 0.20563200 9.5200 0.0000 
2022 10 7 2 9.5200 0.20563200 9.5200 0.0000 
2022 10 7 3 9.5200 0.20563200 9.5200 0.0000 
2022 10 7 4 9.5200 0.20563200 9.5200 0.0000 
2022 10 7 5 9.5200 0.20563200 9.5200 0.0000 
2022 10 7 6 9.5200 0.20563200 9.5200 0.0000 
2022 10 7 7 9.5200 0.20563200 9.5200 0.0000 
2022 10 7 8 9.5200 0.20563200 9.5200 0.0000 
2022 10 7 9 9.5200 0.20563200 9.5200 0.0000 
2022 10 7 10 9.5200 0.20563200 9.5200 0.0000 
2022 10 7 11 9.5200 0.20563200 9.5200 0.0000 
2022 10 7 12 9.5200 0.20563200 9.5200 0.0000 
2022 10 7 13 9.5200 0.20563200 9.5200 0.0000 
2022 10 7 14 9.5200 0.20563200 9.5200 0.0000 
2022 10 7 15 9.5200 0.20563200 9.5200 0.0000 
2022 10 7 16 9.5200 0.20563200 9.5200 0.0000 
2022 10 7 17 9.5200 0.20563200 9.5200 0.0000 
2022 10 7 18 9.5200 0.20563200 9.5200 0.0000 
2022 10 7 19 9.5200 0.20563200 9.5200 0.0000 
2022 10 7 20 9.5200 0.20563200 9.5200 0.0000 
2022 10 7 21 9.5200 0.20563200 9.5200 0.0000 
2022 10 7 22 9.5200 0.20563200 9.5200 0.0000 
2022 10 7 23 9.5200 0.20563200 9.5200 0.0000 
2022 10 8 0 9.5200 0.20563200 9.5200 0.0000 
2022 10 8 1 9.5200 0.20563200 9.5200 0.0000 
2022 10 8 2 9.5200 0.20563200 9.5200 0.0000 
2022 10 8 3 9.5200 0.20563200 9.5200 0.0000 
2022 10 8 4 9.5200 0.20563200 9.5200 0.0000 
2022 10 8 5 9.5200 0.20563200 9.5200 0.0000 
2022 10 8 6 9.5200 0.20563200 9.5200 0.0000 
2022 10 8 7 9.5200 0.20563200 9.5200 0.0000 
2022 10 8 8 9.5200 0.20563200 9.5200 0.0000 
2022 10 8 9 9.5200 0.20563200 9.5200 0.0000 
2022 10 8 10 9.5200 0.20563200 9.5200 0.0000 
2022 10 8 11 9.5200 0.20563200 9.5200 0.0000 
2022 10 8 12 9.5200 0.20563200 9.5200 0.0000 
2022 10 8 13 9.5200 0.20563200 9.5200 0.0000 
2022 10 8 14 9.5200 0.20563200 9.5200 0.0000 
2022 10 8 15 9.5200 0.20563200 9.5200 0.0000 
2022 10 8 16 9.5200 0.20563200 9.5200 0.0000 
2022 10 8 17 9.5200 0.20563200 9.5200 0.0000 
2022 10 8 18 9.5200 0.20563200 9.5200 0.0000 
2022 10 8 19 9.5200 0.20563200 9.5200 0.0000 
2022 10 8 20 9.5200 0.20563200 9.5200 0.0000 
2022 10 8 21 9.5200 0.20563200 9.5200 0.0000 
2022 10 8 22 9.5200 0.20563200 9.5200 0.0000 
2022 10 8 23 9.5200 0.20563200 9.5200 0.0000 
2022 10 9 0 9.5200 0.20563200 9.5200 0.0000 
2022 10 9 1 9.5200 0.20563200 9.5200 0.0000 
2022 10 9 2 9.5200 0.20563200 9.5200 0.0000 
2022 10 9 3 9.5200 0.20563200 9.5200 0.0000 
2022 10 9 4 9.5200 0.20563200 9.5200 0.0000 
2022 10 9 5 9.5200 0.20563200 9.5200 0.0000 
2022 10 9 6 9.5200 0.20563200 9.5200 0.0000 
2022 10 9 7 9.5200 0.20563200 9.5200 0.0000 
2022 10 9 8 9.5200 0.20563200 9.5200 0.0000 
2022 10 9 9 9.5200 0.20563200 9.5200 0.0000 
2022 10 9 10 9.5200 0.20563200 9.5200 0.0000 
2022 10 9 11 9.5200 0.20563200 9.5200 0.0000 
2022 10 9 12 9.5200 0.20563200 9.5200 0.0000 
2022 10 9 13 9.5200 0.20563200 9.5200 0.0000 
2022 10 9 14 9.5200 0.20563200 9.5200 0.0000 
2022 10 9 15 9.5200 0.20563200 9.5200 0.0000 
2022 10 9 16 9.5200 0.20563200 9.5200 0.0000 
2022 10 9 17 9.5200 0.20563200 9.5200 0.0000 
2022 10 9 18 9.5200 0.20563200 9.5200 0.0000 
2022 10 9 19 9.5200 0.20563200 9.5200 0.0000 
2022 10 9 20 9.5200 0.20563200 9.5200 0.0000 
2022 10 9 21 9.5200 0.20563200 9.5200 0.0000 
2022 10 9 22 9.5200 0.20563200 9.5200 0.0000 
2022 10 9 23 9.5200 0.20563200 9.5200 0.0000 
2022 10 10 0 9.5200 0.20563200 9.5200 0.0000 
2022 10 10 1 9.5200 0.20563200 9.5200 0.0000 
2022 10 10 2 9.5200 0.20563200 9.5200 0.0000 
2022 10 10 3 9.5200 0.20563200 9.5200 0.0000 
2022 10 10 4 9.5200 0.20563200 9.5200 0.0000 
2022 10 10 5 9.5200 0.20563200 9.5200 0.0000 
2022 10 10 6 9.5200 0.20563200 9.5200 0.0000 
2022 10 10 7 9.5200 0.20563200 9.5200 0.0000 
2022 10 10 8 9.5200 0.20563200 9.5200 0.0000 
2022 10 10 9 9.5200 0.20563200 9.5200 0.0000 
2022 10 10 10 9.5200 0.20563200 9.5200 0.0000 
2022 10 10 11 9.5200 0.20563200 9.5200 0.0000 
2022 10 10 12 9.5200 0.20563200 9.5200 0.0000 
2022 10 10 13 9.5200 0.20563200 9.5200 0.0000 
2022 10 10 14 9.5200 0.20563200 9.5200 0.0000 
2022 10 10 15 9.5200 0.20563200 9.5200 0.0000 
2022 10 10 16 9.5200 0.20563200 9.5200 0.0000 
2022 10 10 17 9.5200 0.20563200 9.5200 0.0000 
2022 10 10 18 9.5200 0.20563200 9.5200 0.0000 
2022 10 10 19 9.5200 0.20563200 9.5200 0.0000 
2022 10 10 20 9.5200 0.20563200 9.5200 0.0000 
2022 10 10 21 9.5200 0.20563200 9.5200 0.0000 
2022 10 10 22 9.5200 0.20563200 9.5200 0.0000 
2022 10 10 23 9.5200 0.20563200 9.5200 0.0000 
2022 10 11 0 9.5200 0.20563200 9.5200 0.0000 
2022 10 11 1 9.5200 0.20563200 9.5200 0.0000 
2022 10 11 2 9.5200 0.20563200 9.5200 0.0000 
2022 10 11 3 9.5200 0.20563200 9.5200 0.0000 
2022 10 11 4 9.5200 0.20563200 9.5200 0.0000 
2022 10 11 5 9.5200 0.20563200 9.5200 0.0000 
2022 10 11 6 9.5200 0.20563200 9.5200 0.0000 
2022 10 11 7 9.5200 0.20563200 9.5200 0.0000 
2022 10 11 8 9.5200 0.20563200 9.5200 0.0000 
2022 10 11 9 9.5200 0.20563200 9.5200 0.0000 
2022 10 11 10 9.5200 0.20563200 9.5200 0.0000 
2022 10 11 11 9.5200 0.20563200 9.5200 0.0000 
2022 10 11 12 9.5200 0.20563200 9.5200 0.0000 
2022 10 11 13 9.5200 0.20563200 9.5200 0.0000 
2022 10 11 14 9.5200 0.20563200 9.5200 0.0000 
2022 10 11 15 9.5200 0.20563200 9.5200 0.0000 
2022 10 11 16 9.5200 0.20563200 9.5200 0.0000 
2022 10 11 17 9.5200 0.20563200 9.5200 0.0000 
2022 10 11 18 9.5200 0.20563200 9.5200 0.0000 
2022 10 11 19 9.5200 0.20563200 9.5200 0.0000 
2022 10 11 20 9.5200 0.20563200 9.5200 0.0000 
2022 10 11 21 9.5200 0.20563200 9.5200 0.0000 
2022 10 11 22 9.5200 0.20563200 9.5200 0.0000 
2022 10 11 23 9.5200 0.20563200 9.5200 0.0000 
2022 10 12 0 9.5200 0.20563200 9.5200 0.0000 
2022 10 12 1 9.5200 0.20563200 9.5200 0.0000 
2022 10 12 2 9.5200 0.20563200 9.5200 0.0000 
2022 10 12 3 9.5200 0.20563200 9.5200 0.0000 
2022 10 12 4 9.5200 0.20563200 9.5200 0.0000 
2022 10 12 5 9.5200 0.20563200 9.5200 0.0000 
2022 10 12 6 9.5200 0.20563200 9.5200 0.0000 
2022 10 12 7 9.5200 0.20563200 9.5200 0.0000 
2022 10 12 8 9.5200 0.20563200 9.5200 0.0000 
2022 10 12 9 9.5200 0.20563200 9.5200 0.0000 
2022 10 12 10 9.5200 0.20563200 9.5200 0.0000 
2022 10 12 11 9.5200 0.20563200 9.5200 0.0000 
2022 10 12 12 9.5200 0.20563200 9.5200 0.0000 
2022 10 12 13 9.5200 0.20563200 9.5200 0.0000 
2022 10 12 14 9.5200 0.20563200 9.5200 0.0000 
2022 10 12 15 9.5200 0.20563200 9.5200 0.0000 
2022 10 12 16 9.5200 0.20563200 9.5200 0.0000 
2022 10 12 17 9.5200 0.20563200 9.5200 0.0000 
2022 10 12 18 9.5200 0.20563200 9.5200 0.0000 
2022 10 12 19 9.5200 0.20563200 9.5200 0.0000 
2022 10 12 20 9.5200 0.20563200 9.5200 0.0000 
2022 10 12 21 9.5200 0.20563200 9.5200 0.0000 
2022 10 12 22 9.5200 0.20563200 9.5200 0.0000 
2022 10 12 23 9.5200 0.20563200 9.5200 0.0000 
2022 10 13 0 9.5200 0.20563200 9.5200 0.0000 
2022 10 13 1 9.5200 0.20563200 9.5200 0.0000 
2022 10 13 2 9.5200 0.20563200 9.5200 0.0000 
2022 10 13 3 9.5200 0.20563200 9.5200 0.0000 
2022 10 13 4 9.5200 0.20563200 9.5200 0.0000 
2022 10 13 5 9.5200 0.20563200 9.5200 0.0000 
2022 10 13 6 9.5200 0.20563200 9.5200 0.0000 
2022 10 13 7 9.5200 0.20563200 9.5200 0.0000 
2022 10 13 8 9.5200 0.20563200 9.5200 0.0000 
2022 10 13 9 9.5200 0.20563200 9.5200 0.0000 
2022 10 13 10 9.5200 0.20563200 9.5200 0.0000 
2022 10 13 11 9.5200 0.20563200 9.5200 0.0000 
2022 10 13 12 9.5200 0.20563200 9.5200 0.0000 
2022 10 13 13 9.5200 0.20563200 9.5200 0.0000 
2022 10 13 14 9.5200 0.20563200 9.5200 0.0000 
2022 10 13 15 9.5200 0.20563200 9.5200 0.0000 
2022 10 13 16 9.5200 0.20563200 9.5200 0.0000 
2022 10 13 17 9.5200 0.20563200 9.5200 0.0000 
2022 10 13 18 9.5200 0.20563200 9.5200 0.0000 
2022 10 13 19 9.5200 0.20563200 9.5200 0.0000 
2022 10 13 20 9.5200 0.20563200 9.5200 0.0000 
2022 10 13 21 9.5200 0.20563200 9.5200 0.0000 
2022 10 13 22 9.5200 0.20563200 9.5200 0.0000 
2022 10 13 23 9.5200 0.20563200 9.5200 0.0000 
2022 10 14 0 9.5200 0.20563200 9.5200 0.0000 
2022 10 14 1 9.5200 0.20563200 9.5200 0.0000 
2022 10 14 2 9.5200 0.20563200 9.5200 0.0000 
2022 10 14 3 9.5200 0.20563200 9.5200 0.0000 
2022 10 14 4 9.5200 0.20563200 9.5200 0.0000 
2022 10 14 5 9.5200 0.20563200 9.5200 0.0000 
2022 10 14 6 9.5200 0.20563200 9.5200 0.0000 
2022 10 14 7 9.5200 0.20563200 9.5200 0.0000 
2022 10 14 8 9.5200 0.20563200 9.5200 0.0000 
2022 10 14 9 9.5200 0.20563200 9.5200 0.0000 
2022 10 14 10 9.5200 0.20563200 9.5200 0.0000 
2022 10 14 11 9.5200 0.20563200 9.5200 0.0000 
2022 10 14 12 9.5200 0.20563200 9.5200 0.0000 
2022 10 14 13 9.5200 0.20563200 9.5200 0.0000 
2022 10 14 14 9.5200 0.20563200 9.5200 0.0000 
2022 10 14 15 9.5200 0.20563200 9.5200 0.0000 
2022 10 14 16 9.5200 0.20563200 9.5200 0.0000 
2022 10 14 17 9.5200 0.20563200 9.5200 0.0000 
2022 10 14 18 9.5200 0.20563200 9.5200 0.0000 
2022 10 14 19 9.5200 0.20563200 9.5200 0.0000 
2022 10 14 20 9.5200 0.20563200 9.5200 0.0000 
2022 10 14 21 9.5200 0.20563200 9.5200 0.0000 
2022 10 14 22 9.5200 0.20563200 9.5200 0.0000 
2022 10 14 23 9.5200 0.20563200 9.5200 0.0000 
2022 10 15 0 9.5200 0.20563200 9.5200 0.0000 
2022 10 15 1 9.5200 0.20563200 9.5200 0.0000 
2022 10 15 2 9.5200 0.20563200 9.5200 0.0000 
2022 10 15 3 9.5200 0.20563200 9.5200 0.0000 
2022 10 15 4 9.5200 0.20563200 9.5200 0.0000 
2022 10 15 5 9.5200 0.20563200 9.5200 0.0000 
2022 10 15 6 9.5200 0.20563200 9.5200 0.0000 
2022 10 15 7 9.5200 0.20563200 9.5200 0.0000 
2022 10 15 8 9.5200 0.20563200 9.5200 0.0000 
2022 10 15 9 9.5200 0.20563200 9.5200 0.0000 
2022 10 15 10 9.5200 0.20563200 9.5200 0.0000 
2022 10 15 11 9.5200 0.20563200 9.5200 0.0000 
2022 10 15 12 9.5200 0.20563200 9.5200 0.0000 
2022 10 15 13 9.5200 0.20563200 9.5200 0.0000 
2022 10 15 14 9.5200 0.20563200 9.5200 0.0000 
2022 10 15 15 9.5200 0.20563200 9.5200 0.0000 
2022 10 15 16 9.5200 0.20563200 9.5200 0.0000 
2022 10 15 17 9.5200 0.20563200 9.5200 0.0000 
2022 10 15 18 9.5200 0.20563200 9.5200 0.0000 
2022 10 15 19 9.5200 0.20563200 9.5200 0.0000 
2022 10 15 20 9.5200 0.20563200 9.5200 0.0000 
2022 10 15 21 9.5200 0.20563200 9.5200 0.0000 
2022 10 15 22 9.5200 0.20563200 9.5200 0.0000 
2022 10 15 23 9.5200 0.20563200 9.5200 0.0000 
2022 10 16 0 9.5200 0.20563200 9.5200 0.0000 
2022 10 16 1 9.5200 0.20563200 9.5200 0.0000 
2022 10 16 2 9.5200 0.20563200 9.5200 0.0000 
2022 10 16 3 9.5200 0.20563200 9.5200 0.0000 
2022 10 16 4 9.5200 0.20563200 9.5200 0.0000 
2022 10 16 5 9.5200 0.20563200 9.5200 0.0000 
2022 10 16 6 9.5200 0.20563200 9.5200 0.0000 
2022 10 16 7 9.5200 0.20563200 9.5200 0.0000 
2022 10 16 8 9.5200 0.20563200 9.5200 0.0000 
2022 10 16 9 9.5200 0.20563200 9.5200 0.0000 
2022 10 16 10 9.5200 0.20563200 9.5200 0.0000 
2022 10 16 11 9.5200 0.20563200 9.5200 0.0000 
2022 10 16 12 9.5200 0.20563200 9.5200 0.0000 
2022 10 16 13 9.5200 0.20563200 9.5200 0.0000 
2022 10 16 14 9.5200 0.20563200 9.5200 0.0000 
2022 10 16 15 9.5200 0.20563200 9.5200 0.0000 
2022 10 16 16 9.5200 0.20563200 9.5200 0.0000 
2022 10 16 17 9.5200 0.20563200 9.5200 0.0000 
2022 10 16 18 9.5200 0.20563200 9.5200 0.0000 
2022 10 16 19 9.5200 0.20563200 9.5200 0.0000 
2022 10 16 20 9.5200 0.20563200 9.5200 0.0000 
2022 10 16 21 9.5200 0.20563200 9.5200 0.0000 
2022 10 16 22 9.5200 0.20563200 9.5200 0.0000 
2022 10 16 23 9.5200 0.20563200 9.5200 0.0000 
2022 10 17 0 9.5200 0.20563200 9.5200 0.0000 
2022 10 17 1 9.5200 0.20563200 9.5200 0.0000 
2022 10 17 2 9.5200 0.20563200 9.5200 0.0000 
2022 10 17 3 9.5200 0.20563200 9.5200 0.0000 
2022 10 17 4 9.5200 0.20563200 9.5200 0.0000 
2022 10 17 5 9.5200 0.20563200 9.5200 0.0000 
2022 10 17 6 9.5200 0.20563200 9.5200 0.0000 
2022 10 17 7 9.5200 0.20563200 9.5200 0.0000 
2022 10 17 8 9.5200 0.20563200 9.5200 0.0000 
2022 10 17 9 9.5200 0.20563200 9.5200 0.0000 
2022 10 17 10 9.5200 0.20563200 9.5200 0.0000 
2022 10 17 11 9.5200 0.20563200 9.5200 0.0000 
2022 10 17 12 9.5200 0.20563200 9.5200 0.0000 
2022 10 17 13 9.5200 0.20563200 9.5200 0.0000 
2022 10 17 14 9.5200 0.20563200 9.5200 0.0000 
2022 10 17 15 9.5200 0.20563200 9.5200 0.0000 
2022 10 17 16 9.5200 0.20563200 9.5200 0.0000 
2022 10 17 17 9.5200 0.20563200 9.5200 0.0000 
2022 10 17 18 9.5200 0.20563200 9.5200 0.0000 
2022 10 17 19 9.5200 0.20563200 9.5200 0.0000 
2022 10 17 20 9.5200 0.20563200 9.5200 0.0000 
2022 10 17 21 9.5200 0.20563200 9.5200 0.0000 
2022 10 17 22 9.5200 0.20563200 9.5200 0.0000 
2022 10 17 23 9.5200 0.20563200 9.5200 0.0000 
2022 10 18 0 9.5200 0.20563200 9.5200 0.0000 
2022 10 18 1 9.5200 0.20563200 9.5200 0.0000 
2022 10 18 2 9.5200 0.20563200 9.5200 0.0000 
2022 10 18 3 9.5200 0.20563200 9.5200 0.0000 
2022 10 18 4 9.5200 0.20563200 9.5200 0.0000 
2022 10 18 5 9.5200 0.20563200 9.5200 0.0000 
2022 10 18 6 9.5200 0.20563200 9.5200 0.0000 
2022 10 18 7 9.5200 0.20563200 9.5200 0.0000 
2022 10 18 8 9.5200 0.20563200 9.5200 0.0000 
2022 10 18 9 9.5200 0.20563200 9.5200 0.0000 
2022 10 18 10 9.5200 0.20563200 9.5200 0.0000 
2022 10 18 11 9.5200 0.20563200 9.5200 0.0000 
2022 10 18 12 9.5200 0.20563200 9.5200 0.0000 
2022 10 18 13 9.5200 0.20563200 9.5200 0.0000 
2022 10 18 14 9.5200 0.20563200 9.5200 0.0000 
2022 10 18 15 9.5200 0.20563200 9.5200 0.0000 
2022 10 18 16 9.5200 0.20563200 9.5200 0.0000 
2022 10 18 17 9.5200 0.20563200 9.5200 0.0000 
2022 10 18 18 9.5200 0.20563200 9.5200 0.0000 
2022 10 18 19 9.5200 0.20563200 9.5200 0.0000 
2022 10 18 20 9.5200 0.20563200 9.5200 0.0000 
2022 10 18 21 9.5200 0.20563200 9.5200 0.0000 
2022 10 18 22 9.5200 0.20563200 9.5200 0.0000 
2022 10 18 23 9.5200 0.20563200 9.5200 0.0000 
2022 10 19 0 9.5200 0.20563200 9.5200 0.0000 
2022 10 19 1 9.5200 0.20563200 9.5200 0.0000 
2022 10 19 2 9.5200 0.20563200 9.5200 0.0000 
2022 10 19 3 9.5200 0.20563200 9.5200 0.0000 
2022 10 19 4 9.5200 0.20563200 9.5200 0.0000 
2022 10 19 5 9.5200 0.20563200 9.5200 0.0000 
2022 10 19 6 9.5200 0.20563200 9.5200 0.0000 
2022 10 19 7 9.5200 0.20563200 9.5200 0.0000 
2022 10 19 8 9.5200 0.20563200 9.5200 0.0000 
2022 10 19 9 9.5200 0.20563200 9.5200 0.0000 
2022 10 19 10 9.5200 0.20563200 9.5200 0.0000 
2022 10 19 11 9.5200 0.20563200 9.5200 0.0000 
2022 10 19 12 9.5200 0.20563200 9.5200 0.0000 
2022 10 19 13 9.5200 0.20563200 9.5200 0.0000 
2022 10 19 14 9.5200 0.20563200 9.5200 0.0000 
2022 10 19 15 9.5200 0.20563200 9.5200 0.0000 
2022 10 19 16 9.5200 0.20563200 9.5200 0.0000 
2022 10 19 17 9.5200 0.20563200 9.5200 0.0000 
2022 10 19 18 9.5200 0.20563200 9.5200 0.0000 
2022 10 19 19 9.5200 0.20563200 9.5200 0.0000 
2022 10 19 20 9.5200 0.20563200 9.5200 0.0000 
2022 10 19 21 9.5200 0.20563200 9.5200 0.0000 
2022 10 19 22 9.5200 0.20563200 9.5200 0.0000 
2022 10 19 23 9.5200 0.20563200 9.5200 0.0000 
2022 10 20 0 9.5200 0.20563200 9.5200 0.0000 
2022 10 20 1 9.5200 0.20563200 9.5200 0.0000 
2022 10 20 2 9.5200 0.20563200 9.5200 0.0000 
2022 10 20 3 9.5200 0.20563200 9.5200 0.0000 
2022 10 20 4 9.5200 0.20563200 9.5200 0.0000 
2022 10 20 5 9.5200 0.20563200 9.5200 0.0000 
2022 10 20 6 9.5200 0.20563200 9.5200 0.0000 
2022 10 20 7 9.5200 0.20563200 9.5200 0.0000 
2022 10 20 8 9.5200 0.20563200 9.5200 0.0000 
2022 10 20 9 9.5200 0.20563200 9.5200 0.0000 
2022 10 20 10 9.5200 0.20563200 9.5200 0.0000 
2022 10 20 11 9.5200 0.20563200 9.5200 0.0000 
2022 10 20 12 9.5200 0.20563200 9.5200 0.0000 
2022 10 20 13 9.5200 0.20563200 9.5200 0.0000 
2022 10 20 14 9.5200 0.20563200 9.5200 0.0000 
2022 10 20 15 9.5200 0.20563200 9.5200 0.0000 
2022 10 20 16 9.5200 0.20563200 9.5200 0.0000 
2022 10 20 17 9.5200 0.20563200 9.5200 0.0000 
2022 10 20 18 9.5200 0.20563200 9.5200 0.0000 
2022 10 20 19 9.5200 0.20563200 9.5200 0.0000 
2022 10 20 20 9.5200 0.20563200 9.5200 0.0000 
2022 10 20 21 9.5200 0.20563200 9.5200 0.0000 
2022 10 20 22 9.5200 0.20563200 9.5200 0.0000 
2022 10 20 23 9.5200 0.20563200 9.5200 0.0000 
2022 10 21 0 9.5200 0.20563200 9.5200 0.0000 
2022 10 21 1 9.5200 0.20563200 9.5200 0.0000 
2022 10 21 2 9.5200 0.20563200 9.5200 0.0000 
2022 10 21 3 9.5200 0.20563200 9.5200 0.0000 
2022 10 21 4 9.5200 0.20563200 9.5200 0.0000 
2022 10 21 5 9.5200 0.20563200 9.5200 0.0000 
2022 10 21 6 9.5200 0.20563200 9.5200 0.0000 
2022 10 21 7 9.5200 0.20563200 9.5200 0.0000 
2022 10 21 8 9.5200 0.20563200 9.5200 0.0000 
2022 10 21 9 9.5200 0.20563200 9.5200 0.0000 
2022 10 21 10 9.5200 0.20563200 9.5200 0.0000 
2022 10 21 11 9.5200 0.20563200 9.5200 0.0000 
2022 10 21 12 9.5200 0.20563200 9.5200 0.0000 
2022 10 21 13 9.5200 0.20563200 9.5200 0.0000 
2022 10 21 14 9.5200 0.20563200 9.5200 0.0000 
2022 10 21 15 9.5200 0.20563200 9.5200 0.0000 
2022 10 21 16 9.5200 0.20563200 9.5200 0.0000 
2022 10 21 17 9.5200 0.20563200 9.5200 0.0000 
2022 10 21 18 9.5200 0.20563200 9.5200 0.0000 
2022 10 21 19 9.5200 0.20563200 9.5200 0.0000 
2022 10 21 20 9.5200 0.20563200 9.5200 0.0000 
2022 10 21 21 9.5200 0.20563200 9.5200 0.0000 
2022 10 21 22 9.5200 0.20563200 9.5200 0.0000 
2022 10 21 23 9.5200 0.20563200 9.5200 0.0000 
2022 10 22 0 9.5200 0.20563200 9.5200 0.0000 
2022 10 22 1 9.5200 0.20563200 9.5200 0.0000 
2022 10 22 2 9.5200 0.20563200 9.5200 0.0000 
2022 10 22 3 9.5200 0.20563200 9.5200 0.0000 
2022 10 22 4 9.5200 0.20563200 9.5200 0.0000 
2022 10 22 5 9.5200 0.20563200 9.5200 0.0000 
2022 10 22 6 9.5200 0.20563200 9.5200 0.0000 
2022 10 22 7 9.5200 0.20563200 9.5200 0.0000 
2022 10 22 8 9.5200 0.20563200 9.5200 0.0000 
2022 10 22 9 9.5200 0.20563200 9.5200 0.0000 
2022 10 22 10 9.5200 0.20563200 9.5200 0.0000 
2022 10 22 11 9.5200 0.20563200 9.5200 0.0000 
2022 10 22 12 9.5200 0.20563200 9.5200 0.0000 
2022 10 22 13 9.5200 0.20563200 9.5200 0.0000 
2022 10 22 14 9.5200 0.20563200 9.5200 0.0000 
2022 10 22 15 9.5200 0.20563200 9.5200 0.0000 
2022 10 22 16 9.5200 0.20563200 9.5200 0.0000 
2022 10 22 17 9.5200 0.20563200 9.5200 0.0000 
2022 10 22 18 9.5200 0.20563200 9.5200 0.0000 
2022 10 22 19 9.5200 0.20563200 9.5200 0.0000 
2022 10 22 20 9.5200 0.20563200 9.5200 0.0000 
2022 10 22 21 9.5200 0.20563200 9.5200 0.0000 
2022 10 22 22 9.5200 0.20563200 9.5200 0.0000 
2022 10 22 23 9.5200 0.20563200 9.5200 0.0000 
2022 10 23 0 9.5200 0.20563200 9.5200 0.0000 
2022 10 23 1 9.5200 0.20563200 9.5200 0.0000 
2022 10 23 2 9.5200 0.20563200 9.5200 0.0000 
2022 10 23 3 9.5200 0.20563200 9.5200 0.0000 
2022 10 23 4 9.5200 0.20563200 9.5200 0.0000 
2022 10 23 5 9.5200 0.20563200 9.5200 0.0000 
2022 10 23 6 9.5200 0.20563200 9.5200 0.0000 
2022 10 23 7 9.5200 0.20563200 9.5200 0.0000 
2022 10 23 8 9.5200 0.20563200 9.5200 0.0000 
2022 10 23 9 9.5200 0.20563200 9.5200 0.0000 
2022 10 23 10 9.5200 0.20563200 9.5200 0.0000 
2022 10 23 11 9.5200 0.20563200 9.5200 0.0000 
2022 10 23 12 9.5200 0.20563200 9.5200 0.0000 
2022 10 23 13 9.5200 0.20563200 9.5200 0.0000 
2022 10 23 14 9.5200 0.20563200 9.5200 0.0000 
2022 10 23 15 9.5200 0.20563200 9.5200 0.0000 
2022 10 23 16 9.5200 0.20563200 9.5200 0.0000 
2022 10 23 17 9.5200 0.20563200 9.5200 0.0000 
2022 10 23 18 9.5200 0.20563200 9.5200 0.0000 
2022 10 23 19 9.5200 0.20563200 9.5200 0.0000 
2022 10 23 20 9.5200 0.20563200 9.5200 0.0000 
2022 10 23 21 9.5200 0.20563200 9.5200 0.0000 
2022 10 23 22 9.5200 0.20563200 9.5200 0.0000 
2022 10 23 23 9.5200 0.20563200 9.5200 0.0000 
2022 10 24 0 9.5200 0.20563200 9.5200 0.0000 
2022 10 24 1 9.5200 0.20563200 9.5200 0.0000 
2022 10 24 2 9.5200 0.20563200 9.5200 0.0000 
2022 10 24 3 9.5200 0.20563200 9.5200 0.0000 
2022 10 24 4 9.5200 0.20563200 9.5200 0.0000 
2022 10 24 5 9.5200 0.20563200 9.5200 0.0000 
2022 10 24 6 9.5200 0.20563200 9.5200 0.0000 
2022 10 24 7 9.5200 0.20563200 9.5200 0.0000 
2022 10 24 8 9.5200 0.20563200 9.5200 0.0000 
2022 10 24 9 9.5200 0.20563200 9.5200 0.0000 
2022 10 24 10 9.5200 0.20563200 9.5200 0.0000 
2022 10 24 11 9.5200 0.20563200 9.5200 0.0000 
2022 10 24 12 9.5200 0.20563200 9.5200 0.0000 
2022 10 24 13 9.5200 0.20563200 9.5200 0.0000 
2022 10 24 14 9.5200 0.20563200 9.5200 0.0000 
2022 10 24 15 9.5200 0.20563200 9.5200 0.0000 
2022 10 24 16 9.5200 0.20563200 9.5200 0.0000 
2022 10 24 17 9.5200 0.20563200 9.5200 0.0000 
2022 10 24 18 9.5200 0.20563200 9.5200 0.0000 
2022 10 24 19 9.5200 0.20563200 9.5200 0.0000 
2022 10 24 20 9.5200 0.20563200 9.5200 0.0000 
2022 10 24 21 9.5200 0.20563200 9.5200 0.0000 
2022 10 24 22 9.5200 0.20563200 9.5200 0.0000 
2022 10 24 23 9.5200 0.20563200 9.5200 0.0000 
2022 10 25 0 9.5200 0.20563200 9.5200 0.0000 
2022 10 25 1 9.5200 0.20563200 9.5200 0.0000 
2022 10 25 2 9.5200 0.20563200 9.5200 0.0000 
2022 10 25 3 9.5200 0.20563200 9.5200 0.0000 
2022 10 25 4 9.5200 0.20563200 9.5200 0.0000 
2022 10 25 5 9.5200 0.20563200 9.5200 0.0000 
2022 10 25 6 9.5200 0.20563200 9.5200 0.0000 
2022 10 25 7 9.5200 0.20563200 9.5200 0.0000 
2022 10 25 8 9.5200 0.20563200 9.5200 0.0000 
2022 10 25 9 9.5200 0.20563200 9.5200 0.0000 
2022 10 25 10 9.5200 0.20563200 9.5200 0.0000 
2022 10 25 11 9.5200 0.20563200 9.5200 0.0000 
2022 10 25 12 9.5200 0.20563200 9.5200 0.0000 
2022 10 25 13 9.5200 0.20563200 9.5200 0.0000 
2022 10 25 14 9.5200 0.20563200 9.5200 0.0000 
2022 10 25 15 9.5200 0.20563200 9.5200 0.0000 
2022 10 25 16 9.5200 0.20563200 9.5200 0.0000 
2022 10 25 17 9.5200 0.20563200 9.5200 0.0000 
2022 10 25 18 9.5200 0.20563200 9.5200 0.0000 
2022 10 25 19 9.5200 0.20563200 9.5200 0.0000 
2022 10 25 20 9.5200 0.20563200 9.5200 0.0000 
2022 10 25 21 9.5200 0.20563200 9.5200 0.0000 
2022 10 25 22 9.5200 0.20563200 9.5200 0.0000 
2022 10 25 23 9.5200 0.20563200 9.5200 0.0000 
2022 10 26 0 9.5200 0.20563200 9.5200 0.0000 
2022 10 26 1 9.5200 0.20563200 9.5200 0.0000 
2022 10 26 2 9.5200 0.20563200 9.5200 0.0000 
2022 10 26 3 9.5200 0.20563200 9.5200 0.0000 
2022 10 26 4 9.5200 0.20563200 9.5200 0.0000 
2022 10 26 5 9.5200 0.20563200 9.5200 0.0000 
2022 10 26 6 9.5200 0.20563200 9.5200 0.0000 
2022 10 26 7 9.5200 0.20563200 9.5200 0.0000 
2022 10 26 8 9.5200 0.20563200 9.5200 0.0000 
2022 10 26 9 9.5200 0.20563200 9.5200 0.0000 
2022 10 26 10 9.5200 0.20563200 9.5200 0.0000 
2022 10 26 11 9.5200 0.20563200 9.5200 0.0000 
2022 10 26 12 9.5200 0.20563200 9.5200 0.0000 
2022 10 26 13 9.5200 0.20563200 9.5200 0.0000 
2022 10 26 14 9.5200 0.20563200 9.5200 0.0000 
2022 10 26 15 9.5200 0.20563200 9.5200 0.0000 
2022 10 26 16 9.5200 0.20563200 9.5200 0.0000 
2022 10 26 17 9.5200 0.20563200 9.5200 0.0000 
2022 10 26 18 9.5200 0.20563200 9.5200 0.0000 
2022 10 26 19 9.5200 0.20563200 9.5200 0.0000 
2022 10 26 20 9.5200 0.20563200 9.5200 0.0000 
2022 10 26 21 9.5200 0.20563200 9.5200 0.0000 
2022 10 26 22 9.5200 0.20563200 9.5200 0.0000 
2022 10 26 23 9.5200 0.20563200 9.5200 0.0000 
2022 10 27 0 9.5200 0.20563200 9.5200 0.0000 
2022 10 27 1 9.5200 0.20563200 9.5200 0.0000 
2022 10 27 2 9.5200 0.20563200 9.5200 0.0000 
2022 10 27 3 9.5200 0.20563200 9.5200 0.0000 
2022 10 27 4 9.5200 0.20563200 9.5200 0.0000 
2022 10 27 5 9.5200 0.20563200 9.5200 0.0000 
2022 10 27 6 9.5200 0.20563200 9.5200 0.0000 
2022 10 27 7 9.5200 0.20563200 9.5200 0.0000 
2022 10 27 8 9.5200 0.20563200 9.5200 0.0000 
2022 10 27 9 9.5200 0.20563200 9.5200 0.0000 
2022 10 27 10 9.5200 0.20563200 9.5200 0.0000 
2022 10 27 11 9.5200 0.20563200 9.5200 0.0000 
2022 10 27 12 9.5200 0.20563200 9.5200 0.0000 
2022 10 27 13 9.5200 0.20563200 9.5200 0.0000 
2022 10 27 14 9.5200 0.20563200 9.5200 0.0000 
2022 10 27 15 9.5200 0.20563200 9.5200 0.0000 
2022 10 27 16 9.5200 0.20563200 9.5200 0.0000 
2022 10 27 17 9.5200 0.20563200 9.5200 0.0000 
2022 10 27 18 9.5200 0.20563200 9.5200 0.0000 
2022 10 27 19 9.5200 0.20563200 9.5200 0.0000 
2022 10 27 20 9.5200 0.20563200 9.5200 0.0000 
2022 10 27 21 9.5200 0.20563200 9.5200 0.0000 
2022 10 27 22 9.5200 0.20563200 9.5200 0.0000 
2022 10 27 23 9.5200 0.20563200 9.5200 0.0000 
2022 10 28 0 9.5200 0.20563200 9.5200 0.0000 
2022 10 28 1 9.5200 0.20563200 9.5200 0.0000 
2022 10 28 2 9.5200 0.20563200 9.5200 0.0000 
2022 10 28 3 9.5200 0.20563200 9.5200 0.0000 
2022 10 28 4 9.5200 0.20563200 9.5200 0.0000 
2022 10 28 5 9.5200 0.20563200 9.5200 0.0000 
2022 10 28 6 9.5200 0.20563200 9.5200 0.0000 
2022 10 28 7 9.5200 0.20563200 9.5200 0.0000 
2022 10 28 8 9.5200 0.20563200 9.5200 0.0000 
2022 10 28 9 9.5200 0.20563200 9.5200 0.0000 
2022 10 28 10 9.5200 0.20563200 9.5200 0.0000 
2022 10 28 11 9.5200 0.20563200 9.5200 0.0000 
2022 10 28 12 9.5200 0.20563200 9.5200 0.0000 
2022 10 28 13 9.5200 0.20563200 9.5200 0.0000 
2022 10 28 14 9.5200 0.20563200 9.5200 0.0000 
2022 10 28 15 9.5200 0.20563200 9.5200 0.0000 
2022 10 28 16 9.5200 0.20563200 9.5200 0.0000 
2022 10 28 17 9.5200 0.20563200 9.5200 0.0000 
2022 10 28 18 9.5200 0.20563200 9.5200 0.0000 
2022 10 28 19 9.5200 0.20563200 9.5200 0.0000 
2022 10 28 20 9.5200 0.20563200 9.5200 0.0000 
2022 10 28 21 9.5200 0.20563200 9.5200 0.0000 
2022 10 28 22 9.5200 0.20563200 9.5200 0.0000 
2022 10 28 23 9.5200 0.20563200 9.5200 0.0000 
2022 10 29 0 9.5200 0.20563200 9.5200 0.0000 
2022 10 29 1 9.5200 0.20563200 9.5200 0.0000 
2022 10 29 2 9.5200 0.20563200 9.5200 0.0000 
2022 10 29 3 9.5200 0.20563200 9.5200 0.0000 
2022 10 29 4 9.5200 0.20563200 9.5200 0.0000 
2022 10 29 5 9.5200 0.20563200 9.5200 0.0000 
2022 10 29 6 9.5200 0.20563200 9.5200 0.0000 
2022 10 29 7 9.5200 0.20563200 9.5200 0.0000 
2022 10 29 8 9.5200 0.20563200 9.5200 0.0000 
2022 10 29 9 9.5200 0.20563200 9.5200 0.0000 
2022 10 29 10 9.5200 0.20563200 9.5200 0.0000 
2022 10 29 11 9.5200 0.20563200 9.5200 0.0000 
2022 10 29 12 9.5200 0.20563200 9.5200 0.0000 
2022 10 29 13 9.5200 0.20563200 9.5200 0.0000 
2022 10 29 14 9.5200 0.20563200 9.5200 0.0000 
2022 10 29 15 9.5200 0.20563200 9.5200 0.0000 
2022 10 29 16 9.5200 0.20563200 9.5200 0.0000 
2022 10 29 17 9.5200 0.20563200 9.5200 0.0000 
2022 10 29 18 9.5200 0.20563200 9.5200 0.0000 
2022 10 29 19 9.5200 0.20563200 9.5200 0.0000 
2022 10 29 20 9.5200 0.20563200 9.5200 0.0000 
2022 10 29 21 9.5200 0.20563200 9.5200 0.0000 
2022 10 29 22 9.5200 0.20563200 9.5200 0.0000 
2022 10 29 23 9.5200 0.20563200 9.5200 0.0000 
2022 10 30 0 9.5200 0.20563200 9.5200 0.0000 
2022 10 30 1 9.5200 0.20563200 9.5200 0.0000 
2022 10 30 2 9.5200 0.20563200 9.5200 0.0000 
2022 10 30 3 9.5200 0.20563200 9.5200 0.0000 
2022 10 30 4 9.5200 0.20563200 9.5200 0.0000 
2022 10 30 5 9.5200 0.20563200 9.5200 0.0000 
2022 10 30 6 9.5200 0.20563200 9.5200 0.0000 
2022 10 30 7 9.5200 0.20563200 9.5200 0.0000 
2022 10 30 8 9.5200 0.20563200 9.5200 0.0000 
2022 10 30 9 9.5200 0.20563200 9.5200 0.0000 
2022 10 30 10 9.5200 0.20563200 9.5200 0.0000 
2022 10 30 11 9.5200 0.20563200 9.5200 0.0000 
2022 10 30 12 9.5200 0.20563200 9.5200 0.0000 
2022 10 30 13 9.5200 0.20563200 9.5200 0.0000 
2022 10 30 14 9.5200 0.20563200 9.5200 0.0000 
2022 10 30 15 9.5200 0.20563200 9.5200 0.0000 
2022 10 30 16 9.5200 0.20563200 9.5200 0.0000 
2022 10 30 17 9.5200 0.20563200 9.5200 0.0000 
2022 10 30 18 9.5200 0.20563200 9.5200 0.0000 
2022 10 30 19 9.5200 0.20563200 9.5200 0.0000 
2022 10 30 20 9.5200 0.20563200 9.5200 0.0000 
2022 10 30 21 9.5200 0.20563200 9.5200 0.0000 
2022 10 30 22 9.5200 0.20563200 9.5200 0.0000 
2022 10 30 23 9.5200 0.20563200 9.5200 0.0000 
2022 10 31 0 9.5200 0.20563200 9.5200 0.0000 
2022 10 31 1 9.5200 0.20563200 9.5200 0.0000 
2022 10 31 2 9.5200 0.20563200 9.5200 0.0000 
2022 10 31 3 9.5200 0.20563200 9.5200 0.0000 
2022 10 31 4 9.5200 0.20563200 9.5200 0.0000 
2022 10 31 5 9.5200 0.20563200 9.5200 0.0000 
2022 10 31 6 9.5200 0.20563200 9.5200 0.0000 
2022 10 31 7 9.5200 0.20563200 9.5200 0.0000 
2022 10 31 8 9.5200 0.20563200 9.5200 0.0000 
2022 10 31 9 9.5200 0.20563200 9.5200 0.0000 
2022 10 31 10 9.5200 0.20563200 9.5200 0.0000 
2022 10 31 11 9.5200 0.20563200 9.5200 0.0000 
2022 10 31 12 9.5200 0.20563200 9.5200 0.0000 
2022 10 31 13 9.5200 0.20563200 9.5200 0.0000 
2022 10 31 14 9.5200 0.20563200 9.5200 0.0000 
2022 10 31 15 9.5200 0.20563200 9.5200 0.0000 
2022 10 31 16 9.5200 0.20563200 9.5200 0.0000 
2022 10 31 17 9.5200 0.20563200 9.5200 0.0000 
2022 10 31 18 9.5200 0.20563200 9.5200 0.0000 
2022 10 31 19 9.5200 0.20563200 9.5200 0.0000 
2022 10 31 20 9.5200 0.20563200 9.5200 0.0000 
2022 10 31 21 9.5200 0.20563200 9.5200 0.0000 
2022 10 31 22 9.5200 0.20563200 9.5200 0.0000 
2022 10 31 23 9.5200 0.20563200 9.5200 0.0000 
2022 11 1 0 9.5200 0.20563200 9.5200 0.0000 
2022 11 2 0 9.5200 0.20563200 9.5200 0.0000 
2022 11 3 0 9.5200 0.20563200 9.5200 0.0000 
2022 11 4 0 9.5200 0.20563200 9.5200 0.0000 
2022 11 5 0 9.5200 0.20563200 9.5200 0.0000 
2022 11 6 0 9.5200 0.20563200 9.5200 0.0000 
2022 11 7 0 9.5200 0.20563200 9.5200 0.0000 
2022 11 8 0 9.5200 0.20563200 9.5200 0.0000 
2022 11 9 0 9.5200 0.20563200 9.5200 0.0000 
2022 11 10 0 9.5200 0.20563200 9.5200 0.0000 
2022 11 11 0 9.5200 0.20563200 9.5200 0.0000 
2022 11 12 0 9.5200 0.20563200 9.5200 0.0000 
2022 11 13 0 9.5200 0.20563200 9.5200 0.0000 
2022 11 14 0 9.5200 0.20563200 9.5200 0.0000 
2022 11 15 0 9.5461 0.20614933 9.5401 0.0000 
2022 11 16 0 9.6941 0.20913264 9.6596 0.0000 
2022 11 17 0 9.9612 0.21468699 9.8969 0.0000 
2022 11 18 0 10.1366 0.21863034 10.0910 0.0000 
2022 11 19 0 10.2521 0.22123482 10.2220 0.0000 
2022 11 20 0 10.3464 0.22331176 10.3224 0.0000 
2022 11 21 0 10.3990 0.22452096 10.3850 0.0000 
2022 11 22 0 10.4213 0.22505888 10.4151 0.0000 
2022 11 23 0 10.4356 0.22538304 10.4319 0.0000 
2022 11 24 0 10.4538 0.22577013 10.4494 0.0000 
2022 11 25 0 10.5383 0.22747794 10.5185 0.0000 
2022 11 26 0 10.6872 0.23057867 10.6513 0.0000 
2022 11 27 0 10.8543 0.23415223 10.8129 0.0000 
2022 11 28 0 11.1393 0.24010194 11.0705 0.0000 
2022 11 29 0 11.3142 0.24406688 11.2683 0.0000 
2022 11 30 0 11.3998 0.24607670 11.3765 0.0000 
2022 12 1 0 11.4317 0.24686504 11.4226 0.0000 
2022 12 2 0 11.4279 0.24684789 11.4281 0.0000 
2022 12 3 0 11.3957 0.24620410 11.4032 0.0000 
2022 12 4 0 11.3423 0.24508815 11.3552 0.0000 
2022 12 5 0 11.2727 0.24361508 11.2898 0.0000 
2022 12 6 0 11.2037 0.24212418 11.2210 0.0000 
2022 12 7 0 11.1358 0.24065521 11.1528 0.0000 
2022 12 8 0 11.0747 0.23932338 11.0901 0.0000 
2022 12 9 0 11.0212 0.23815439 11.0347 0.0000 
2022 12 10 0 10.9697 0.23703886 10.9826 0.0000 
2022 12 11 0 10.9254 0.23606846 10.9366 0.0000 
2022 12 12 0 10.8834 0.23515734 10.8940 0.0000 
2022 12 13 0 10.8398 0.23421742 10.8506 0.0000 
2022 12 14 0 10.7946 0.23324376 10.8058 0.0000 
2022 12 15 0 10.7453 0.23218780 10.7576 0.0000 
2022 12 16 0 10.6921 0.23104523 10.7053 0.0000 
2022 12 17 0 10.6389 0.22989588 10.6522 0.0000 
2022 12 18 0 10.5881 0.22879381 10.6008 0.0000 
2022 12 19 0 10.5391 0.22773324 10.5514 0.0000 
2022 12 20 0 10.4959 0.22678972 10.5068 0.0000 
2022 12 21 0 10.4669 0.22613732 10.4744 0.0000 
2022 12 22 0 10.4385 0.22552359 10.4456 0.0000 
2022 12 23 0 10.3973 0.22465575 10.4074 0.0000 
2022 12 24 0 10.3455 0.22355591 10.3582 0.0000 
2022 12 25 0 10.2914 0.22239095 10.3049 0.0000 
2022 12 26 0 10.2729 0.22193052 10.2783 0.0000 
2022 12 27 0 10.2523 0.22148676 10.2574 0.0000 
2022 12 28 0 10.2175 0.22076018 10.2259 0.0000 
2022 12 29 0 10.1805 0.21996436 10.1897 0.0000 
2022 12 30 0 10.1417 0.21912943 10.1513 0.0000 
2022 12 31 0 10.1283 0.21879574 10.1321 0.0000 
2023 1 1 0 9.8774 0.21341615 9.8863 0.0000 
2023 1 8 0 9.5200 0.20572380 9.5327 0.0000 
2023 1 15 0 9.5200 0.20563237 9.5202 0.0000 
2023 1 22 0 8.5365 0.18463966 8.5712 0.0000 
2023 1 29 0 0.2142 0.00675924 0.5083 0.0000 
2023 2 5 0 0.0000 0.00006335 0.0111 0.0000 
2023 2 12 0 0.0000 0.00000022 0.0001 0.0000 
2023 2 19 0 0.2668 0.00569498 0.2574 0.0000 
2023 2 26 0 0.9994 0.02139839 0.9734 0.0000 
2023 3 5 0 1.9871 0.04266718 1.9519 0.0000 
2023 3 12 0 2.6758 0.05761900 2.6510 0.0000 
2023 3 19 0 3.2780 0.07064956 3.2564 0.0000 
2023 3 26 0 3.6772 0.07932521 3.6629 0.0000 
2023 4 2 0 3.0637 0.06633367 3.0852 0.0000 
2023 4 9 0 8.2534 0.17694506 8.0705 0.0000 
2023 4 16 0 12.2745 0.26409441 12.1304 0.0000 
2023 4 23 0 12.7208 0.27465071 12.7033 0.0000 
2023 4 30 0 12.3779 0.26744910 12.3898 0.0000 
2023 5 7 0 10.9728 0.23737307 11.0225 0.0000 
2023 5 14 0 10.3737 0.22422743 10.3955 0.0000 
2023 5 21 0 12.7880 0.27560203 12.7030 0.0000 
2023 5 28 0 11.6160 0.25120335 11.6563 0.0000 
2023 6 4 0 9.2325 0.20003327 9.3171 0.0000 
2023 6 11 0 6.9741 0.15122089 7.0548 0.0000 
2023 6 18 0 5.4107 0.11727463 5.4669 0.0000 
2023 6 25 0 4.1675 0.09033753 4.2120 0.0000 
2023 7 2 0 3.3688 0.07297154 3.3975 0.0000 
2023 7 9 0 3.0773 0.06654513 3.0879 0.0000 
2023 7 16 0 8.2029 0.17587045 8.0222 0.0000 
2023 7 23 0 11.3772 0.24492951 11.2630 0.0000 
2023 7 30 0 10.6092 0.22935116 10.6349 0.0000 
2023 8 6 0 10.0923 0.21812746 10.1109 0.0000 
2023 8 13 0 9.8690 0.21322859 9.8771 0.0000 
2023 8 20 0 9.8111 0.21193512 9.8133 0.0000 
2023 8 27 0 9.7529 0.21067767 9.7550 0.0000 
